1403636628013555456.000000,4.646141127,-1.542762039,0.916809248,-0.677790071,-0.399886764,0.361920918,0.499704357
1403636628313555456.000000,4.619469843,-1.502022319,0.959375246,-0.686080610,-0.429128512,0.343256611,0.476777744
1403636628613555456.000000,4.602323319,-1.450341004,1.012630188,-0.683722208,-0.434748772,0.335661745,0.480467107
1403636628913555456.000000,4.601271989,-1.379319120,1.022484199,-0.674118489,-0.433150346,0.359385758,0.478316754
1403636629213555456.000000,4.590948216,-1.292896529,1.048292336,-0.660433004,-0.445436390,0.376196039,0.473171439
1403636629513555456.000000,4.569992297,-1.182911370,1.067646852,-0.647649767,-0.479210522,0.374272295,0.459159345
1403636629763555584.000000,4.553765990,-1.080406599,1.017507479,-0.615026464,-0.501936328,0.406311892,0.452452228
1403636630013555456.000000,4.512577932,-0.944265598,0.968075133,-0.580573854,-0.530960560,0.435853921,0.437088370
1403636630213555456.000000,4.475483884,-0.845407459,0.953138983,-0.578929952,-0.549382575,0.439467284,0.412173996
1403636630413555456.000000,4.433960203,-0.738687122,0.974054662,-0.578061373,-0.556970588,0.441450275,0.400936987
1403636630613555456.000000,4.387210778,-0.619723272,1.002207736,-0.578001343,-0.550992196,0.450112000,0.399651391
1403636630813555456.000000,4.343504149,-0.524524236,1.028834523,-0.579970025,-0.546269202,0.450783310,0.402516008
1403636631013555456.000000,4.296767776,-0.408590960,1.034962254,-0.580558937,-0.547829465,0.443780723,0.407299482
1403636631213555456.000000,4.231651214,-0.324596890,1.019367712,-0.583226254,-0.551206450,0.440476445,0.402491104
1403636631413555456.000000,4.174083869,-0.220238704,1.007305277,-0.584247862,-0.550418183,0.439974259,0.402637443
1403636631613555456.000000,4.127273474,-0.125422717,0.981097340,-0.585885852,-0.546682820,0.443197305,0.401810666
1403636631813555456.000000,4.079977596,-0.036415995,0.953773617,-0.587279283,-0.543559510,0.445191912,0.401808741
1403636632013555456.000000,4.027752530,0.049040452,0.956626633,-0.586075799,-0.542838312,0.447459508,0.402022032
1403636632213555456.000000,3.962106606,0.128424569,0.950606357,-0.588812454,-0.542776788,0.450307210,0.394862850
1403636632363555584.000000,3.918938533,0.174851989,0.946727633,-0.587586401,-0.546417467,0.448622058,0.393584071
1403636632563555584.000000,3.847095785,0.235860901,0.918218788,-0.578201342,-0.549141331,0.443426522,0.409267548
1403636632763555584.000000,3.793800346,0.282890714,0.870109875,-0.584214909,-0.538213794,0.426190582,0.432874624
1403636632963555584.000000,3.714968336,0.346773663,0.866124027,-0.618603480,-0.506400387,0.412917786,0.436333915
1403636633213555456.000000,3.613145850,0.437962826,0.856834129,-0.641783491,-0.482105811,0.402374429,0.440207629
1403636633413555456.000000,3.521033103,0.508897887,0.844984635,-0.640199436,-0.478849537,0.395961513,0.451732534
1403636633613555456.000000,3.431484065,0.580371616,0.809559580,-0.634331988,-0.480550260,0.396401244,0.457777708
1403636633863555584.000000,3.304029521,0.671957036,0.789117036,-0.628115663,-0.489739366,0.398044828,0.455177308
1403636634113555456.000000,3.160372181,0.786794973,0.780313015,-0.625243589,-0.500692600,0.388439090,0.455513388
1403636634363555584.000000,3.008168553,0.909590901,0.805573241,-0.633465141,-0.492927960,0.394023455,0.447760492
1403636634613555456.000000,2.874780307,1.056374292,0.809289189,-0.648169291,-0.486209530,0.390316446,0.437184097
1403636634813555456.000000,2.745851418,1.156750067,0.800546104,-0.655258479,-0.473571662,0.387416799,0.443028701
1403636635013555456.000000,2.644146730,1.252973021,0.798494230,-0.660954286,-0.460685057,0.383400345,0.451567144
1403636635163555584.000000,2.558616988,1.314421066,0.809138852,-0.662674567,-0.454325004,0.382480988,0.456245003
1403636635413555456.000000,2.410631757,1.436795324,0.799771572,-0.658851282,-0.452507673,0.375726634,0.469021631
1403636635563555584.000000,2.317303093,1.483895320,0.799638927,-0.656656173,-0.455822636,0.372354316,0.471572537
1403636635763555584.000000,2.198792429,1.571979499,0.820041862,-0.657484324,-0.461668593,0.366971673,0.468943776
1403636635913555456.000000,2.097057462,1.657044188,0.876537731,-0.654881657,-0.470045212,0.357844891,0.471311519
1403636636063555584.000000,2.005871950,1.743399517,0.920986012,-0.649911270,-0.462835057,0.369132679,0.476592192
1403636636213555456.000000,1.904426418,1.826798826,0.948338050,-0.656308822,-0.458477532,0.376235281,0.466373343
1403636636413555456.000000,1.772297468,1.961212467,1.028882088,-0.672006514,-0.462854511,0.369163466,0.444849731
1403636636563555584.000000,1.684275582,2.047633755,1.075146163,-0.679268904,-0.462595618,0.368812963,0.434253437
1403636636763555584.000000,1.583632478,2.158201018,1.092430528,-0.684884189,-0.453363543,0.379810830,0.425604135
1403636637063555584.000000,1.447679923,2.245059030,1.082529400,-0.676674592,-0.454226739,0.376169609,0.440778846
1403636637413555456.000000,1.315634798,2.314579303,1.035435632,-0.666553318,-0.450374979,0.375910743,0.459956700
1403636637663555584.000000,1.202462647,2.358393585,1.052000664,-0.664727570,-0.448142408,0.375118518,0.465394174
1403636637863555584.000000,1.115386377,2.390455289,1.094009704,-0.668722256,-0.448714515,0.372016396,0.461594659
1403636638063555584.000000,1.028421025,2.429519549,1.141851271,-0.672884832,-0.450835892,0.367171917,0.457337713
1403636638263555584.000000,0.938620373,2.462049791,1.138473549,-0.675165656,-0.451619388,0.365178940,0.454791827
1403636638463555584.000000,0.852852482,2.489830784,1.094427405,-0.656774352,-0.448928578,0.367570794,0.481666163
1403636638663555584.000000,0.764588406,2.534326645,1.068783368,-0.650591508,-0.442718881,0.374734621,0.490208777
1403636638863555584.000000,0.660661376,2.600057650,1.072035931,-0.662126649,-0.444294065,0.371898732,0.475270888
1403636639113555456.000000,0.514453831,2.679587576,1.100342180,-0.659089054,-0.457583497,0.353422386,0.480948625
1403636639363555584.000000,0.362307315,2.802625849,1.081388142,-0.658182779,-0.455572110,0.356126512,0.482103090
1403636639613555456.000000,0.224303006,2.926937584,1.013466153,-0.671729429,-0.440220215,0.376346626,0.461897125
1403636639863555584.000000,0.070877159,3.069534500,0.967932231,-0.676645031,-0.447816116,0.364000823,0.457291624
1403636640113555456.000000,-0.070647529,3.180304085,0.940132817,-0.681824947,-0.444026350,0.359102674,0.457165847
1403636640363555584.000000,-0.189073684,3.283891018,0.966606777,-0.690774222,-0.429409231,0.351328387,0.463688529
1403636640613555456.000000,-0.290862160,3.381008774,0.958683284,-0.695188764,-0.422074039,0.347427717,0.466754828
1403636640963555584.000000,-0.426162398,3.492147925,0.933512369,-0.694091031,-0.417492741,0.349541375,0.470912177
1403636641213555456.000000,-0.501943892,3.579793204,0.924873208,-0.695284588,-0.419100264,0.348999141,0.468117410
1403636641463555584.000000,-0.576405109,3.637244063,0.897798559,-0.689804229,-0.426913270,0.341068667,0.474960367
1403636641713555456.000000,-0.625955949,3.704740111,0.860406704,-0.692758252,-0.424069974,0.346584293,0.469180125
1403636641963555584.000000,-0.695712268,3.765232379,0.875396567,-0.691501374,-0.427943156,0.348318447,0.466223943
1403636642213555456.000000,-0.740056398,3.826023926,0.917696675,-0.683841678,-0.443051850,0.357616327,0.456263280
1403636642463555584.000000,-0.769786521,3.868651372,0.935251872,-0.674083772,-0.458568873,0.365427605,0.449208552
1403636642763555584.000000,-0.789763242,3.922238193,0.884151145,-0.657123865,-0.461061341,0.380874758,0.458851920
1403636643113555456.000000,-0.827925851,3.991396325,0.888202174,-0.655852211,-0.464008174,0.378719379,0.459484410
1403636643563555584.000000,-0.883588610,4.086809374,0.871605293,-0.652803279,-0.459785445,0.380205352,0.466785941
1403636643863555584.000000,-0.929626470,4.166209732,0.916158280,-0.647598446,-0.449264003,0.389342269,0.476645263
1403636644163555584.000000,-1.040384851,4.262840343,0.940843923,-0.645923526,-0.445903638,0.393253549,0.478857380
1403636644463555584.000000,-1.188417887,4.372661956,0.938243983,-0.654693096,-0.473994123,0.358183964,0.467344379
1403636644763555584.000000,-1.311149904,4.530590568,0.842405805,-0.663480998,-0.472361812,0.360088519,0.454976419
1403636645063555584.000000,-1.411202639,4.690915225,0.720493503,-0.653770386,-0.457079844,0.386642974,0.462784517
1403636645313555456.000000,-1.495269983,4.824915270,0.675408039,-0.634701694,-0.446634190,0.402080380,0.485801430
1403636645563555584.000000,-1.628643533,4.976361849,0.640336167,-0.644542324,-0.453096890,0.395531864,0.472041254
1403636645813555456.000000,-1.797672108,5.142146733,0.604891484,-0.647856565,-0.455203742,0.392083201,0.468339821
1403636646063555584.000000,-1.993682981,5.308399274,0.624910043,-0.645492130,-0.469870273,0.385742973,0.462346402
1403636646313555456.000000,-2.196609301,5.479006715,0.659818537,-0.621285207,-0.518755611,0.391914584,0.437378859
1403636646613555456.000000,-2.384524768,5.715367518,0.687815103,-0.594648836,-0.562194130,0.420895989,0.391378448
1403636646913555456.000000,-2.550656005,5.922241507,0.755455702,-0.578105173,-0.573079642,0.438037432,0.381441137
1403636647363555584.000000,-2.710239306,6.216531478,0.844598612,-0.571805019,-0.569783949,0.441469336,0.391778122
1403636647663555584.000000,-2.782800539,6.404989949,0.845397687,-0.581007323,-0.576368779,0.426011719,0.385672837
1403636647963555584.000000,-2.834168597,6.572858821,0.860297386,-0.569435421,-0.580876193,0.440623471,0.379706606
1403636648263555584.000000,-2.840334168,6.769573738,0.829217069,-0.525675443,-0.617286047,0.468793347,0.350508291
1403636648613555456.000000,-2.791135754,6.962947366,0.742410074,-0.463394188,-0.663843425,0.500747241,0.306316723
1403636648913555456.000000,-2.734855923,7.115617193,0.713023193,-0.424110568,-0.670370055,0.523583580,0.310796476
1403636649213555456.000000,-2.680172536,7.269211638,0.754365258,-0.434983429,-0.670883017,0.524138332,0.293230973
1403636649513555456.000000,-2.639584901,7.392378162,0.872951336,-0.442965446,-0.667680428,0.519831906,0.296241877
1403636649813555456.000000,-2.579228622,7.510637880,1.010672383,-0.443122575,-0.677574164,0.515274174,0.281119479
1403636650163555584.000000,-2.504215101,7.622353000,1.089815251,-0.425958511,-0.686950597,0.526411019,0.263722702
1403636650463555584.000000,-2.391743762,7.698530661,1.074568232,-0.368092834,-0.713971505,0.547850177,0.233693258
1403636650713555456.000000,-2.304885123,7.718278049,1.039734484,-0.322208670,-0.730604507,0.561781950,0.216332310
1403636651013555456.000000,-2.199973411,7.755180848,1.020261699,-0.314623300,-0.736228193,0.566424250,0.195304368
1403636651463555584.000000,-2.054522205,7.746199859,1.086638186,-0.314744337,-0.732473273,0.566422025,0.208770199
1403636651713555456.000000,-1.982138885,7.717032982,1.099412837,-0.327840818,-0.732571056,0.561181279,0.202325525
1403636652013555456.000000,-1.867408346,7.669704655,1.079622168,-0.304458111,-0.754738343,0.553033966,0.178406063
1403636652263555584.000000,-1.742918850,7.598932505,1.019815356,-0.232336246,-0.767906129,0.578949820,0.145454981
1403636652413555456.000000,-1.654489163,7.568693951,0.989350671,-0.179120716,-0.778723877,0.587351622,0.128541680
1403636652563555584.000000,-1.581535152,7.527348126,0.962877880,-0.144158568,-0.786779189,0.588462775,0.117933786
1403636652713555456.000000,-1.494943366,7.496362182,0.938027100,-0.120337160,-0.787927606,0.592576547,0.116370489
1403636652863555584.000000,-1.416374711,7.470599091,0.939744550,-0.115483505,-0.789160310,0.592523796,0.113159696
1403636653063555584.000000,-1.300841669,7.459846440,0.967071623,-0.122086451,-0.786038402,0.596618894,0.106228169
1403636653213555456.000000,-1.227835812,7.457178345,0.959849256,-0.134243885,-0.783337436,0.598952843,0.098063916
1403636653413555456.000000,-1.113381963,7.476031785,0.956565061,-0.150071743,-0.779106359,0.601769090,0.091354889
1403636653663555584.000000,-1.010080803,7.463283808,0.983777358,-0.160782703,-0.777940235,0.600058254,0.094276217
1403636653863555584.000000,-0.914132279,7.478123426,1.010295233,-0.168176588,-0.776132963,0.601058993,0.089790568
1403636654063555584.000000,-0.833572757,7.451528493,0.992565975,-0.166282841,-0.780001583,0.595976937,0.093589729
1403636654263555584.000000,-0.769532068,7.425932555,0.992595815,-0.156659239,-0.782962668,0.596119089,0.084079579
1403636654463555584.000000,-0.695153184,7.371992069,0.985219680,-0.125160041,-0.786137119,0.600947588,0.072009662
1403636654663555584.000000,-0.621939653,7.329768163,1.014750429,-0.088057587,-0.792461487,0.600991627,0.055314717
1403636654813555456.000000,-0.586795389,7.288769582,1.045646506,-0.069719651,-0.795130938,0.600479535,0.048273072
1403636655013555456.000000,-0.520233599,7.240627386,1.035773944,-0.062601905,-0.793622869,0.604243716,0.033664155
1403636655213555456.000000,-0.470752072,7.187128904,1.022300664,-0.067342834,-0.793014139,0.605167379,0.019130123
1403636655413555456.000000,-0.429158779,7.125874499,1.000909505,-0.060108234,-0.796667068,0.601394449,0.005770563
1403636655613555456.000000,-0.386831754,7.033389614,0.986368582,0.033928028,0.800740193,-0.598049738,0.000736623
1403636655813555456.000000,-0.355362269,6.934705489,0.961543743,0.000674059,0.807756483,-0.589509222,0.002808517
1403636656013555456.000000,-0.311369042,6.838168688,0.891877398,-0.031978587,0.811292197,-0.583264688,0.024179436
1403636656213555456.000000,-0.238994360,6.730303563,0.876546541,-0.055559244,0.807099826,-0.586674633,0.036275548
1403636656363555584.000000,-0.201579965,6.657157436,0.882223039,-0.064245667,0.806180954,-0.586958206,0.037746894
1403636656563555584.000000,-0.128149641,6.550372803,0.901617942,-0.065610091,0.804763160,-0.588825540,0.036552096
1403636656713555456.000000,-0.061989664,6.497155892,0.930538046,-0.055588502,0.801307214,-0.593869197,0.046217361
1403636656863555584.000000,0.004171514,6.429419821,0.939047257,-0.044346358,0.795804256,-0.601339058,0.055859848
1403636657013555456.000000,0.059744315,6.359774959,0.940242499,-0.038086638,0.794775380,-0.602803185,0.059243758
1403636657213555456.000000,0.115925267,6.260469096,0.907634906,-0.032811362,0.799862135,-0.596125837,0.061465153
1403636657413555456.000000,0.164320157,6.125759289,0.895575142,-0.037754167,0.806396963,-0.587976605,0.050814108
1403636657613555456.000000,0.228324749,5.995802302,0.873351470,-0.045759406,0.811650217,-0.580998255,0.039636212
1403636657763555584.000000,0.264421859,5.890837272,0.849904496,-0.046765826,0.812040493,-0.580258179,0.041275181
1403636657913555456.000000,0.325713409,5.790694322,0.822976849,-0.051813008,0.817810973,-0.571523773,0.043141636
1403636658113555456.000000,0.420570449,5.637813877,0.806713281,-0.059174788,0.814843187,-0.575243870,0.040291614
1403636658313555456.000000,0.529240988,5.499201404,0.800478005,-0.067410071,0.804362630,-0.589110245,0.037493476
1403636658463555584.000000,0.609774207,5.376145121,0.781673506,-0.070916210,0.800083899,-0.594636561,0.035270468
1403636658613555456.000000,0.693674180,5.280867772,0.766824813,-0.074047949,0.793160824,-0.603615729,0.032570851
1403636658763555584.000000,0.790273579,5.194318126,0.744310893,-0.075191474,0.788901448,-0.608923990,0.034530025
1403636658963555584.000000,0.897791500,5.097468242,0.700058912,-0.068377674,0.786247709,-0.612393576,0.045968934
1403636659163555584.000000,0.987628356,5.005480445,0.655652523,-0.059639752,0.789168821,-0.608637099,0.056714665
1403636659363555584.000000,1.048331111,4.926475543,0.590291522,-0.061058271,0.791154259,-0.606166424,0.053936001
1403636659513555456.000000,1.099719022,4.864690968,0.562042877,-0.067927181,0.791530539,-0.605735426,0.044157639
1403636659763555584.000000,1.148641538,4.773982143,0.535223854,-0.066846854,0.789752153,-0.607669997,0.050598505
1403636659963555584.000000,1.201855228,4.697618170,0.481582878,-0.071669900,0.790428920,-0.606379261,0.048884963
1403636660113555456.000000,1.204923919,4.646987308,0.428533492,-0.080989180,0.792688455,-0.602934283,0.039446390
1403636660263555584.000000,1.229665637,4.611712678,0.361435812,-0.085587322,0.794149236,-0.600679862,0.034431144
1403636660413555456.000000,1.243356145,4.585104523,0.304789270,-0.096269046,0.796775183,-0.596215999,0.020200517
1403636660563555584.000000,1.271599631,4.572192232,0.271794804,-0.096358774,0.795774143,-0.597535801,0.020235283
1403636660763555584.000000,1.315400551,4.585248100,0.229733317,-0.079496006,0.784146585,-0.613975220,0.042766199
1403636660963555584.000000,1.348193248,4.630931337,0.137125431,-0.073533247,0.775279924,-0.625349816,0.049714276
1403636661113555456.000000,1.356386598,4.646105064,0.066449639,-0.068945427,0.780613421,-0.618698026,0.055695312
1403636661263555584.000000,1.341266359,4.675195595,0.003433498,-0.065778055,0.784715696,-0.613526774,0.058986618
1403636661463555584.000000,1.302678247,4.717523501,-0.068765596,-0.064992230,0.785727602,-0.612207565,0.060083634
1403636661613555456.000000,1.269762885,4.750216979,-0.100808042,-0.065556763,0.789475872,-0.607509295,0.057988058
1403636661813555456.000000,1.239506271,4.778561083,-0.109375603,-0.059400616,0.795480950,-0.599670545,0.063850307
1403636662013555456.000000,1.176608763,4.803661257,-0.102990612,-0.055064248,0.798090638,-0.596270242,0.066940724
1403636662213555456.000000,1.109973635,4.810637772,-0.080991296,-0.057827592,0.792944141,-0.603262856,0.063003852
1403636662413555456.000000,1.057251767,4.805611891,-0.072728615,-0.067857354,0.786691545,-0.611321944,0.052889257
1403636662613555456.000000,0.974510410,4.801580705,-0.083739147,-0.076644271,0.794362611,-0.601026197,0.043372901
1403636662813555456.000000,0.903366933,4.825106936,-0.118281381,-0.069357063,0.809495596,-0.580358940,0.055587572
1403636663013555456.000000,0.847452206,4.811766157,-0.149897211,-0.076132182,0.813835598,-0.574152887,0.047159011
1403636663213555456.000000,0.811763692,4.811517343,-0.182676217,-0.081111605,0.818623420,-0.566977498,0.042580752
1403636663413555456.000000,0.811883130,4.797117183,-0.221074705,-0.094721236,0.798601942,-0.593783815,0.026145877
1403636663613555456.000000,0.828271987,4.820400604,-0.280261470,-0.103172090,0.793617539,-0.599441490,0.014022174
1403636663813555456.000000,0.847749938,4.869556084,-0.345206220,-0.103733497,0.782212956,-0.614205802,0.011553611
1403636664013555456.000000,0.879557687,4.984499921,-0.368885617,-0.091305637,0.767206185,-0.634484760,0.022068980
1403636664213555456.000000,0.872020089,5.126613682,-0.375783662,-0.074365424,0.772133063,-0.630033509,0.036579967
1403636664463555584.000000,0.842874010,5.310521322,-0.410630518,-0.056547808,0.780187882,-0.621301412,0.045757734
1403636664713555456.000000,0.779318872,5.500395271,-0.485298380,-0.041796182,0.790214436,-0.609471572,0.048565700
1403636664963555584.000000,0.698873467,5.683893260,-0.515592842,-0.040256558,0.789334060,-0.611638252,0.035068517
1403636665213555456.000000,0.597615355,5.855564603,-0.502632605,-0.044270133,0.797627515,-0.601175791,0.020449234
1403636665563555584.000000,0.482782312,6.106946622,-0.470949397,-0.042314222,0.790653741,-0.610293826,0.024851874
1403636665863555584.000000,0.378442024,6.319163778,-0.414665181,-0.041869669,0.788402483,-0.612758256,0.034579989
1403636666213555456.000000,0.233163539,6.569016190,-0.366245427,-0.037806450,0.797476165,-0.600513749,0.044560935
1403636666613555456.000000,0.061774434,6.773793358,-0.382581172,-0.037147386,0.802002435,-0.594946794,0.038085153
1403636667013555456.000000,-0.087478857,6.941666041,-0.335143529,-0.048249007,0.818222868,-0.572776074,0.010532856
1403636667363555584.000000,-0.166372039,7.105307981,-0.353113981,-0.032191149,0.790940299,-0.610213013,0.031894378
1403636667713555456.000000,-0.244480502,7.254757448,-0.392874609,-0.041019546,0.804777275,-0.591979007,0.014552959
1403636668063555584.000000,-0.322321898,7.396159408,-0.382815740,-0.041918915,0.805169427,-0.591254810,0.019045970
1403636668413555456.000000,-0.346206832,7.562085455,-0.438993030,-0.052838648,0.796853313,-0.601560358,0.018921156
1403636668763555584.000000,-0.401321878,7.749770470,-0.527573242,-0.059218059,0.788523487,-0.611642796,0.024839922
1403636669113555456.000000,-0.467871087,7.974927321,-0.569206142,-0.048523005,0.785922779,-0.614951308,0.042494621
1403636669413555456.000000,-0.574173121,8.164819372,-0.584530415,-0.047150386,0.788161622,-0.611810070,0.047608157
1403636669713555456.000000,-0.724248060,8.346323731,-0.636325400,-0.032146138,0.782179487,-0.618662351,0.066473837
1403636670013555456.000000,-0.912410122,8.462127260,-0.644021259,-0.023353719,0.818002524,-0.570638060,0.068546905
1403636670313555456.000000,-1.077123897,8.469619892,-0.602724960,0.000024934,0.836053570,-0.543526994,0.074785252
1403636671313555456.000000,-0.901507423,7.611539425,-0.387828394,-0.187716563,-0.817610657,0.538855723,0.076875315
1403636671713555456.000000,-0.461000045,6.953155217,-0.249589743,-0.190758933,-0.764170689,0.588783830,0.181625408
1403636672163555584.000000,0.009177617,6.415629435,-0.114266483,-0.170062277,-0.740629033,0.613105240,0.215984774
1403636672613555456.000000,0.326823623,6.241790395,0.020108362,-0.207478943,-0.736382803,0.624593289,0.156767595
1403636673513555456.000000,0.529362544,6.177899353,-0.051935924,-0.246500628,-0.727093874,0.597232250,0.232132674
1403636675313555456.000000,0.003814815,6.969581197,-0.343109953,-0.297212912,-0.711223767,0.582103052,0.258807410
1403636675813555456.000000,-0.229412003,7.369765495,-0.352732083,-0.369492756,-0.695524041,0.568936692,0.236711749
1403636676313555456.000000,-0.509584429,7.685298167,-0.497904754,-0.438872587,-0.649237352,0.540674344,0.305864296
1403636676713555456.000000,-0.776005853,7.908632960,-0.570620115,-0.497961302,-0.610340779,0.507657466,0.349002253
1403636677213555456.000000,-1.141642825,8.177694845,-0.600163305,-0.517400964,-0.600089154,0.496440926,0.354592241
1403636677613555456.000000,-1.426002641,8.347403633,-0.664722323,-0.563577442,-0.586413648,0.466940507,0.347082212
1403636678063555584.000000,-1.658381600,8.422313998,-0.620437280,-0.600054320,-0.534938967,0.410248287,0.430663973
1403636678513555456.000000,-1.831791146,8.534595614,-0.627052373,-0.648973545,-0.472731562,0.391527939,0.449515384
1403636678913555456.000000,-1.956084825,8.608936118,-0.580143862,-0.707851138,-0.387912917,0.372412193,0.458016916
1403636679313555456.000000,-2.088621916,8.604658742,-0.597377888,-0.741938304,-0.343502512,0.295844460,0.493973312
1403636679663555584.000000,-2.159784997,8.554825649,-0.573498430,-0.763238770,-0.288899239,0.248332855,0.521856880
1403636679963555584.000000,-2.181337765,8.530162022,-0.487770845,-0.779806892,-0.272427164,0.238846135,0.510526370
1403636680263555584.000000,-2.185105470,8.494152126,-0.375233572,-0.792505374,-0.265433906,0.251724938,0.487969906
1403636680613555456.000000,-2.109093811,8.374707522,-0.303933811,-0.790325919,-0.260749030,0.272632303,0.482769626
1403636680963555584.000000,-1.981484810,8.150106838,-0.283658042,-0.757353303,-0.280028932,0.258150821,0.530431829
1403636681313555456.000000,-1.884430293,7.927124158,-0.319846040,-0.762757708,-0.272781683,0.265956481,0.522549502
1403636681663555584.000000,-1.809512891,7.683126717,-0.307566908,-0.771329821,-0.277576854,0.252673628,0.513962484
1403636682013555456.000000,-1.706201660,7.444832987,-0.303780410,-0.773926841,-0.275359971,0.247313071,0.513858323
1403636682363555584.000000,-1.590201610,7.198314722,-0.255532495,-0.763543003,-0.268465119,0.252823018,0.530102899
1403636682713555456.000000,-1.474284088,6.943316830,-0.259531523,-0.771100061,-0.278094519,0.248055740,0.516271716
1403636683063555584.000000,-1.361294790,6.704390231,-0.230321527,-0.776112779,-0.282009568,0.252122571,0.504533216
1403636683413555456.000000,-1.205496526,6.447786124,-0.229417854,-0.770843203,-0.280785033,0.247865798,0.515289305
1403636683763555584.000000,-1.023598797,6.195762661,-0.279386688,-0.766476001,-0.275321006,0.247613554,0.524786063
1403636684113555456.000000,-0.858493726,5.942069491,-0.266037449,-0.767618547,-0.270580772,0.243809071,0.527356567
1403636684563555584.000000,-0.667249870,5.658934491,-0.210931213,-0.771579565,-0.273518006,0.229655503,0.526413550
1403636684913555456.000000,-0.487444386,5.469881989,-0.233548103,-0.774070808,-0.273729531,0.227111151,0.523743309
1403636685363555584.000000,-0.238257375,5.259685714,-0.248409840,-0.774718663,-0.264782047,0.252252103,0.515820062
1403636685713555456.000000,-0.037726997,5.072876100,-0.236629240,-0.771137327,-0.272276937,0.250624314,0.518073302
1403636686063555584.000000,0.185172564,4.871839592,-0.283269571,-0.768266550,-0.273617850,0.248634336,0.522571284
1403636686463555584.000000,0.401063627,4.647152209,-0.284180918,-0.761269886,-0.273844486,0.250478495,0.531731024
1403636686863555584.000000,0.585768948,4.435990776,-0.301628515,-0.763034414,-0.273824993,0.248072408,0.530338040
1403636687263555584.000000,0.743599571,4.252195110,-0.268319949,-0.765339990,-0.275669353,0.241759078,0.528974155
1403636687663555584.000000,0.903529703,4.105890476,-0.286146100,-0.768086406,-0.277969634,0.236161210,0.526311732
1403636688063555584.000000,1.051153582,3.960738386,-0.394129223,-0.772781831,-0.272294031,0.240890715,0.520226745
1403636688463555584.000000,1.199202769,3.831452625,-0.504343215,-0.771117663,-0.271341880,0.241601814,0.522857244
1403636688813555456.000000,1.353449943,3.708820030,-0.602926711,-0.777131277,-0.261523821,0.250221495,0.514841212
1403636689113555456.000000,1.490328031,3.583556199,-0.650046526,-0.773899367,-0.247760403,0.237698744,0.532159618
1403636689463555584.000000,1.609845956,3.403610218,-0.621908322,-0.774154147,-0.234758515,0.227711765,0.541960468
1403636689763555584.000000,1.669236203,3.274622653,-0.559456395,-0.761232829,-0.230773322,0.228939968,0.561119189
1403636690063555584.000000,1.683684883,3.148570330,-0.510406426,-0.754472469,-0.242600049,0.220213138,0.568702632
1403636690313555456.000000,1.653913684,3.108808625,-0.484100801,-0.762728817,-0.235157170,0.234989356,0.554730439
1403636690613555456.000000,1.548284778,3.033348000,-0.424236680,-0.759000017,-0.244156992,0.224647651,0.560214039
1403636690913555456.000000,1.428882441,3.004764086,-0.425659825,-0.748738902,-0.270674939,0.188981022,0.574814151
1403636691063555584.000000,1.353831107,3.018545806,-0.447898226,-0.755680718,-0.286488691,0.166193669,0.565022607
1403636691263555584.000000,1.275906406,3.118828883,-0.450760593,-0.777775199,-0.283827059,0.165804160,0.535739602
1403636691563555584.000000,1.234045907,3.321505825,-0.410054319,-0.780975022,-0.253583901,0.196826702,0.535754113
1403636691963555584.000000,1.213491682,3.610354800,-0.295164073,-0.784261353,-0.239788148,0.208550992,0.532862326
1403636692413555456.000000,1.229050127,3.931940646,-0.169509121,-0.783703819,-0.241722811,0.212141778,0.531389002
1403636692863555584.000000,1.281578764,4.237952427,0.049055846,-0.790326929,-0.225211102,0.242500445,0.515613071
1403636693363555584.000000,1.346867566,4.417210950,0.222521880,-0.775780889,-0.225654762,0.237808789,0.539157603
1403636693863555584.000000,1.304487368,4.509557682,0.266844796,-0.769604330,-0.222547631,0.235950647,0.550008199
1403636694363555584.000000,1.185912367,4.564735340,0.298458180,-0.782843398,-0.236615629,0.212926471,0.534632188
1403636694913555456.000000,1.049598137,4.609297273,0.307351100,-0.775333170,-0.242004875,0.211679800,0.543584195
1403636695463555584.000000,0.935505456,4.699134694,0.290664436,-0.778764353,-0.243599043,0.222528431,0.533541645
1403636696013555456.000000,0.830762947,4.765763532,0.297187675,-0.776641865,-0.245847426,0.228729340,0.532981562
1403636696563555584.000000,0.751117304,4.783938758,0.223501628,-0.782144139,-0.257682075,0.220097339,0.522883979
1403636697213555456.000000,0.770962290,4.791954496,0.194187502,-0.795361320,-0.241994551,0.244261090,0.499174847
1403636697963555584.000000,0.924444717,4.568835648,0.323908215,-0.754649530,-0.301874405,0.279713580,0.511014916
1403636698563555584.000000,1.007757862,4.300393684,0.281842096,-0.719564851,-0.365904716,0.326673360,0.491553334
1403636699263555584.000000,1.079289107,3.988255778,0.155285820,-0.615142390,-0.511432457,0.406450011,0.441401259
1403636700363555584.000000,1.187935316,3.829365646,0.059544180,-0.504772676,-0.622790341,0.471481330,0.367480738
1403636701513555456.000000,1.476987968,3.968366497,-0.156741190,-0.473568108,-0.634019143,0.506720886,0.342033503
1403636702563555584.000000,1.682651919,4.256972835,-0.285689472,-0.392378286,-0.683235961,0.545089403,0.286540476
1403636703463555584.000000,1.726641551,4.582600848,-0.583858218,-0.398590328,-0.696061380,0.529464780,0.276208893
1403636704263555584.000000,1.790527551,4.898071602,-0.620354208,-0.400714705,-0.685654072,0.534784948,0.288636933
1403636705013555456.000000,1.807535807,5.261959640,-0.695631632,-0.384465857,-0.667721984,0.551260354,0.320070897
1403636705663555584.000000,1.627007234,5.745461865,-0.780506435,-0.399793217,-0.668729848,0.549437199,0.301802150
1403636706313555456.000000,1.360005256,6.263036292,-0.852799571,-0.418317107,-0.679171505,0.531535482,0.284968239
1403636706963555584.000000,1.122464679,6.757943221,-0.906066175,-0.404959460,-0.667097871,0.549598173,0.298211527
1403636708263555584.000000,0.348265387,7.788753869,-0.806370531,-0.409292427,-0.679662422,0.535515393,0.289416595
1403636708913555456.000000,0.026417969,8.322818899,-0.928704081,-0.418103002,-0.674678044,0.545552074,0.269021098
1403636709613555456.000000,-0.271106000,8.709098822,-0.969269771,-0.402000297,-0.672927544,0.558289054,0.271804367
1403636710163555584.000000,-0.608562902,8.903963729,-0.996870321,-0.410331218,-0.668701075,0.555610910,0.275252031
1403636710713555456.000000,-1.008295370,8.995543937,-1.116044958,-0.443565820,-0.672341432,0.507464913,0.306081238
1403636711213555456.000000,-1.299079909,9.075706612,-1.206596791,-0.502845623,-0.612564922,0.513478463,0.329014229
1403636711713555456.000000,-1.552525218,9.051547193,-1.190683524,-0.519623636,-0.619950015,0.502002057,0.306018284
1403636712313555456.000000,-1.782106449,8.830087789,-1.077885014,-0.511121407,-0.623288002,0.491095037,0.330291748
1403636712863555584.000000,-1.886001863,8.521279606,-0.905953607,-0.554931596,-0.594173061,0.470117060,0.343510186
1403636713413555456.000000,-1.860927791,8.124395344,-0.763713569,-0.548082536,-0.590965237,0.469914031,0.359925583
1403636714063555584.000000,-1.726150614,7.643812218,-0.546232206,-0.533180639,-0.599529170,0.470948850,0.366729276
1403636714713555456.000000,-1.497238926,7.233401213,-0.528333930,-0.534254824,-0.582724177,0.468970045,0.393791078
1403636716763555584.000000,-0.954323438,6.667067624,-0.356310780,-0.615152119,-0.518096709,0.421905711,0.418520301
1403636717813555456.000000,-0.501445395,6.355161230,-0.376985916,-0.683034129,-0.429378523,0.382376503,0.450429432
1403636718763555584.000000,-0.169764423,5.776652520,-0.424091441,-0.723982231,-0.350519110,0.290690984,0.518155222
1403636719413555456.000000,0.021687489,5.431573208,-0.530146041,-0.746281493,-0.342714006,0.282574376,0.495744657
1403636720063555584.000000,0.256276031,5.155208189,-0.574746458,-0.729161659,-0.348757207,0.298925661,0.507282105
1403636720713555456.000000,0.488085794,4.953925843,-0.643026531,-0.728072557,-0.347350091,0.296355069,0.511304155
1403636722113555456.000000,0.913641754,4.829940087,-0.682795528,-0.686645306,-0.427795780,0.365792629,0.460113841
1403636723463555584.000000,1.370170333,4.635656415,-0.663189989,-0.675458075,-0.443123044,0.378327649,0.451958567
1403636724813555456.000000,1.795117753,4.353500922,-0.639052592,-0.594423055,-0.534528186,0.442430106,0.406443664
1403636728263555584.000000,2.455354372,3.846392858,0.158835661,-0.617004511,-0.518625113,0.428581312,0.408229696
1403636729463555584.000000,2.771708708,3.375126360,0.228323667,-0.655299943,-0.475684475,0.394798154,0.434097549
1403636730663555584.000000,3.172657717,2.830130219,0.248261913,-0.637806622,-0.466456838,0.404390379,0.460531380
1403636731863555584.000000,3.296541602,2.577114227,0.288297726,-0.644708699,-0.481928227,0.389002561,0.448076874
1403636733063555584.000000,3.543039035,2.452857279,0.182829323,-0.662153545,-0.472903394,0.391694692,0.429523376
1403636734263555584.000000,3.983239358,1.920189196,0.352964124,-0.656699122,-0.469306267,0.392018843,0.441383188
1403636735313555456.000000,4.288294250,1.444480911,0.424069016,-0.647169245,-0.464290271,0.391289744,0.460975975
1403636736163555584.000000,4.381942135,1.201898400,0.601646841,-0.654259577,-0.466786094,0.387503688,0.451548491
1403636737363555584.000000,4.469774306,0.806670502,0.652989595,-0.682840048,-0.428164661,0.360716453,0.469348625
1403636739363555584.000000,4.496454737,0.609058439,0.762454140,-0.565525548,-0.567045742,0.451547036,0.393376735
1403636740163555584.000000,4.557038880,0.778688077,0.636511419,-0.513008712,-0.609207962,0.490806987,0.353265089
1403636740913555456.000000,4.603209378,0.900048170,0.429215715,-0.523430844,-0.604127291,0.480925848,0.360223120
1403636741613555456.000000,4.679614099,0.933433278,0.125653292,-0.492947998,-0.618185102,0.492890923,0.363191395
1403636742463555584.000000,4.711876281,1.008829020,-0.077257738,-0.510947349,-0.607374573,0.488650123,0.362284407
1403636743213555456.000000,4.670747847,1.098948917,-0.217030086,-0.492586112,-0.609883980,0.494007357,0.375974979
1403636743963555584.000000,4.538541974,1.361479758,-0.409220931,-0.494501866,-0.625894011,0.498227349,0.339844229
1403636744763555584.000000,4.379168237,1.642512898,-0.900832132,-0.482422071,-0.652840668,0.488394832,0.320216327
1403636745513555456.000000,4.368602719,1.845295034,-1.270398486,-0.494863527,-0.630811244,0.497997834,0.330432174
1403636746163555584.000000,4.354063645,1.975590191,-1.256191924,-0.474495311,-0.635346283,0.526459911,0.306641913
1403636747613555456.000000,4.099185958,1.872235264,-1.045541400,-0.467953431,-0.640026458,0.516859771,0.322864827
1403636748763555584.000000,3.804608311,1.901634622,-0.734079794,-0.456778769,-0.659273416,0.506599778,0.316335873
1403636749813555456.000000,3.743235358,2.040666400,-0.483292635,-0.459584041,-0.654460961,0.523255261,0.294393091
1403636751613555456.000000,3.793198524,1.733735596,0.181647014,-0.467189226,-0.652309793,0.496627483,0.331039732
1403636752563555584.000000,3.800096021,1.729734732,0.526281676,-0.525954840,-0.603847239,0.482121656,0.355385322
1403636753613555456.000000,3.776763788,1.650787854,0.652973023,-0.660531181,-0.459142485,0.395395204,0.443338888
1403636755513555456.000000,3.939433538,0.859653330,0.762908587,-0.690640804,-0.401453726,0.365886664,0.477469512
1403636756263555584.000000,4.046732356,0.352735598,0.809231077,-0.696154032,-0.414028239,0.355934758,0.466112250
1403636757063555584.000000,4.209212957,-0.211114080,0.856253679,-0.699849582,-0.413046657,0.347429736,0.467862800
1403636757863555584.000000,4.459603913,-0.806379672,0.890005463,-0.694384954,-0.374344659,0.358628319,0.499080496
1403636758663555584.000000,4.537406290,-1.402062000,1.001928881,-0.684771487,-0.374722262,0.328152531,0.531965369
1403636759213555456.000000,4.504839305,-1.641322814,0.944283789,-0.703064321,-0.396527472,0.294563657,0.511565027
1403636759813555456.000000,4.532953675,-1.726266289,0.818367676,-0.720556800,-0.375856193,0.314458818,0.490556492
1403636760313555456.000000,4.586604205,-1.751065909,0.762066378,-0.713918361,-0.374088937,0.317861003,0.499341991
1403636760813555456.000000,4.639383036,-1.772811666,0.681397823,-0.716181653,-0.361902884,0.330925986,0.496586482
1403636761363555584.000000,4.678857393,-1.831832086,0.620508041,-0.703208952,-0.350373089,0.341106834,0.516122075
1403636761863555584.000000,4.624136673,-1.900450089,0.626611241,-0.709984809,-0.379143666,0.305707150,0.508640138
1403636762313555456.000000,4.610148860,-1.945056572,0.655850452,-0.715371170,-0.352176945,0.344703481,0.495373594
1403636627513555456.000000,4.604698267,-1.604099968,0.918967374,-0.714009800,-0.378720628,0.318358512,0.495387273
1403636627763555584.000000,4.634523394,-1.575863150,0.942153753,-0.697131500,-0.388385341,0.337785490,0.499064586
1403636628013555456.000000,4.646147333,-1.542777078,0.916820178,-0.677114359,-0.397686201,0.364826861,0.500263123
1403636628263555584.000000,4.625593712,-1.505786113,0.957567345,-0.685119443,-0.421628284,0.350974146,0.479226551
1403636628513555456.000000,4.607551901,-1.475712604,1.006923827,-0.683243706,-0.431087515,0.340372454,0.481132190
1403636628763555584.000000,4.599868146,-1.406177767,1.035306577,-0.681924478,-0.429122803,0.344883760,0.481547317
1403636629013555456.000000,4.599740773,-1.344709097,1.031182176,-0.668279965,-0.428994446,0.369880291,0.482238763
1403636629263555584.000000,4.599452772,-1.278919822,1.055562058,-0.658840152,-0.442923214,0.380621899,0.474210555
1403636629463555584.000000,4.566056175,-1.196066608,1.059978047,-0.651825878,-0.465012099,0.377332425,0.465303142
1403636629663555584.000000,4.564440941,-1.119321392,1.043075140,-0.631843034,-0.484739711,0.391327221,0.461155938
1403636629863555584.000000,4.540070962,-1.041318599,1.002405180,-0.601678817,-0.504873303,0.421615111,0.453129394
1403636630063555584.000000,4.508324433,-0.924388923,0.963302610,-0.581895052,-0.525838589,0.437802111,0.439569379
1403636630263555584.000000,4.458619158,-0.819078322,0.956546567,-0.585284265,-0.543137009,0.436834352,0.414270766
1403636630463555584.000000,4.426655340,-0.693712821,0.964027784,-0.584923845,-0.542025006,0.440061463,0.412818238
1403636630663555584.000000,4.381429326,-0.587595842,1.013383078,-0.586358951,-0.534481822,0.446173062,0.414055505
1403636630863555584.000000,4.321684556,-0.492266896,1.039513878,-0.587045105,-0.533584940,0.442405390,0.418261435
1403636631063555584.000000,4.285150423,-0.396112656,1.035612105,-0.589175156,-0.534276779,0.436073545,0.421023541
1403636631263555584.000000,4.229264131,-0.289923683,1.032656785,-0.593152999,-0.535306762,0.432643665,0.417654941
1403636631463555584.000000,4.166803176,-0.203079491,1.012729835,-0.593562470,-0.534301813,0.433188991,0.417794764
1403636631663555584.000000,4.123399372,-0.100202797,0.952754679,-0.597423522,-0.529196992,0.435558147,0.416322927
1403636631863555584.000000,4.067673659,-0.018128600,0.953272219,-0.597801018,-0.526265770,0.437448536,0.417512947
1403636632113555456.000000,3.994209584,0.085407308,0.952426287,-0.599423904,-0.525706665,0.438897642,0.414357751
1403636632313555456.000000,3.935002996,0.155015952,0.954620734,-0.599783967,-0.526263433,0.440874551,0.411017788
1403636632563555584.000000,3.847105674,0.235848127,0.918234185,-0.591168793,-0.528233372,0.435354384,0.426562449
1403636632763555584.000000,3.793827657,0.282886995,0.870119791,-0.597080506,-0.515525746,0.418047528,0.450515636
1403636632963555584.000000,3.714950851,0.346748172,0.866143555,-0.631667269,-0.481804261,0.404165537,0.453333579
1403636633163555584.000000,3.640718901,0.417629173,0.863814810,-0.653003997,-0.458155039,0.394470490,0.456149945
1403636633363555584.000000,3.551883788,0.493166156,0.851913244,-0.655488142,-0.450865213,0.386746923,0.466350375
1403636633613555456.000000,3.431515842,0.580369010,0.809571096,-0.648146693,-0.451460081,0.386737992,0.475944729
1403636633813555456.000000,3.330256928,0.648260895,0.786140027,-0.644277469,-0.456736546,0.389122836,0.474216922
1403636634013555456.000000,3.216795291,0.734589051,0.790953396,-0.640015419,-0.468906528,0.380923170,0.474767807
1403636634213555456.000000,3.105211672,0.830189400,0.799508698,-0.638470147,-0.467322220,0.383839260,0.476060118
1403636634413555456.000000,2.988496564,0.934499781,0.808669176,-0.651475155,-0.462092615,0.386335424,0.461297602
1403636634613555456.000000,2.874848949,1.056325294,0.809270799,-0.660677962,-0.459235707,0.382749861,0.453993104
1403636634813555456.000000,2.745882559,1.156711753,0.800546948,-0.667212363,-0.446803389,0.379867987,0.459232737
1403636635013555456.000000,2.644196907,1.252884326,0.798487555,-0.671367831,-0.435188075,0.376335093,0.467170711
1403636635213555456.000000,2.528274972,1.334761560,0.806540967,-0.672377820,-0.428093872,0.375661583,0.472781217
1403636635463555584.000000,2.387919855,1.439944486,0.800529734,-0.667906359,-0.428986148,0.368624594,0.483722947
1403636635663555584.000000,2.263926955,1.524897993,0.806947417,-0.666410682,-0.433329418,0.364264319,0.485215338
1403636635863555584.000000,2.122028554,1.617082095,0.862230848,-0.666255566,-0.444743382,0.353953732,0.482725181
1403636636063555584.000000,2.005897909,1.743364268,0.920980201,-0.660112151,-0.437450549,0.363600663,0.490595071
1403636636313555456.000000,1.842266831,1.904392703,0.984966125,-0.674403008,-0.434107430,0.368963042,0.469678184
1403636636513555456.000000,1.716434125,2.019728586,1.052193602,-0.688265394,-0.440524077,0.360477261,0.449761526
1403636636763555584.000000,1.583653320,2.158177823,1.092411207,-0.694941616,-0.429319255,0.373891240,0.439256723
1403636637113555456.000000,1.426457787,2.264083197,1.072731934,-0.684570216,-0.431119138,0.367069351,0.459086049
1403636637363555584.000000,1.337176105,2.304825421,1.043041095,-0.676849144,-0.426013857,0.370534869,0.472325460
1403636637663555584.000000,1.202493130,2.358377140,1.051997858,-0.674920745,-0.423485346,0.368826826,0.478653238
1403636637913555456.000000,1.097460786,2.407364082,1.120415733,-0.680005109,-0.423437346,0.365115767,0.474325144
1403636638213555456.000000,0.947286072,2.449073936,1.142417574,-0.685025108,-0.426987403,0.359022409,0.468535238
1403636638463555584.000000,0.852863514,2.489819611,1.094430872,-0.667422333,-0.424206659,0.360363835,0.494706019
1403636638713555456.000000,0.745127011,2.540815663,1.053076829,-0.664229082,-0.417510862,0.368363733,0.498791106
1403636638963555584.000000,0.602317218,2.633722052,1.081601638,-0.674726831,-0.423454521,0.358112803,0.487016625
1403636639213555456.000000,0.452512693,2.721659003,1.108804026,-0.666565925,-0.435647289,0.342118054,0.498855234
1403636639463555584.000000,0.303691119,2.851965207,1.052994895,-0.673664925,-0.423855903,0.357911150,0.488284089
1403636639713555456.000000,0.147384120,2.990583522,0.994011135,-0.686048111,-0.417364975,0.365995176,0.470310534
1403636639963555584.000000,0.013479352,3.112814430,0.952830742,-0.687333377,-0.425226029,0.353624610,0.470855910
1403636640213555456.000000,-0.113365214,3.214896133,0.959405381,-0.696551131,-0.412984225,0.347084079,0.473067852
1403636640463555584.000000,-0.226128005,3.322334636,0.981045210,-0.703303261,-0.400397018,0.341743546,0.477763644
1403636640763555584.000000,-0.343947807,3.424984530,0.940918577,-0.705379029,-0.394622614,0.339385724,0.481176422
1403636640913555456.000000,-0.398242245,3.479656416,0.933939605,-0.704782238,-0.391804233,0.340867355,0.483302064
1403636641063555584.000000,-0.447791755,3.521700035,0.951515593,-0.704904444,-0.392817907,0.340556420,0.482519577
1403636641263555584.000000,-0.530583673,3.589598765,0.924874695,-0.705204403,-0.395244428,0.339763051,0.480655451
1403636641463555584.000000,-0.576393923,3.637211121,0.897816139,-0.700145313,-0.401928353,0.332744659,0.487371656
1403636641663555584.000000,-0.617904822,3.683827625,0.868508509,-0.702180698,-0.399076210,0.337943373,0.483192221
1403636641813555456.000000,-0.659699081,3.732615238,0.873760961,-0.703208720,-0.398589900,0.339573685,0.480950414
1403636641963555584.000000,-0.695707293,3.765211968,0.875401383,-0.701887423,-0.402589367,0.340270166,0.479053296
1403636642163555584.000000,-0.725824586,3.810882174,0.909937950,-0.695843213,-0.415216558,0.348510845,0.471102562
1403636642313555456.000000,-0.746839886,3.843525345,0.933378687,-0.691265006,-0.423886167,0.352341648,0.467256432
1403636642513555456.000000,-0.768186497,3.881874994,0.930364631,-0.682550250,-0.436048043,0.360588031,0.462561923
1403636642713555456.000000,-0.778472167,3.914511553,0.893338153,-0.670809063,-0.436569975,0.371808525,0.470298074
1403636642913555456.000000,-0.802899899,3.954217560,0.874980502,-0.664089601,-0.435380349,0.376454830,0.477190439
1403636643213555456.000000,-0.827969930,3.999726618,0.878371571,-0.670068814,-0.441172356,0.367896220,0.470135203
1403636643463555584.000000,-0.858873026,4.058131961,0.873727603,-0.666743491,-0.438141201,0.370183921,0.475866861
1403636643663555584.000000,-0.897034235,4.112015938,0.884729763,-0.662015576,-0.430468367,0.376129150,0.484725928
1403636643863555584.000000,-0.929607534,4.166179955,0.916146477,-0.658828355,-0.423797287,0.382035739,0.490295575
1403636644063555584.000000,-1.000447175,4.224738599,0.942971821,-0.656703402,-0.420659741,0.385655900,0.493006644
1403636644263555584.000000,-1.093823379,4.297930035,0.937425609,-0.660644030,-0.429728795,0.374634215,0.488397209
1403636644463555584.000000,-1.188376718,4.372621210,0.938245800,-0.666443198,-0.449054980,0.350524300,0.480973808
1403636644663555584.000000,-1.276538948,4.476497663,0.879614518,-0.669196495,-0.455595236,0.341603191,0.477405794
1403636644813555456.000000,-1.331093547,4.551132584,0.817577288,-0.677616887,-0.443557140,0.359107489,0.463825646
1403636644963555584.000000,-1.376406351,4.638126316,0.749888487,-0.676066548,-0.437820399,0.369346562,0.463498045
1403636645163555584.000000,-1.432235190,4.741301454,0.683597282,-0.654414475,-0.425259744,0.387720831,0.490477729
1403636645313555456.000000,-1.495229142,4.824861649,0.675425176,-0.646252657,-0.421688268,0.393414901,0.499761166
1403636645513555456.000000,-1.598908919,4.943561335,0.638303744,-0.655620675,-0.427660704,0.387413743,0.487009697
1403636645663555584.000000,-1.696037955,5.047180674,0.623201729,-0.658417531,-0.428780551,0.386301843,0.483119531
1403636645813555456.000000,-1.797613936,5.142105020,0.604902832,-0.659489347,-0.430117181,0.383848360,0.482424552
1403636645963555584.000000,-1.923145865,5.241268525,0.612413369,-0.659096094,-0.434236783,0.380970391,0.481551987
1403636646113555456.000000,-2.043458686,5.342689228,0.638322451,-0.654200409,-0.452856955,0.377671206,0.473610456
1403636646313555456.000000,-2.196547883,5.478943900,0.659805275,-0.634372034,-0.494303963,0.384692587,0.453042302
1403636646513555456.000000,-2.335487269,5.626698423,0.678216064,-0.615289014,-0.530787506,0.404843228,0.419268426
1403636646713555456.000000,-2.441803088,5.785951346,0.703622975,-0.600461682,-0.542846372,0.425847575,0.404249215
1403636646913555456.000000,-2.550610464,5.922162459,0.755432649,-0.592735595,-0.549068286,0.433615951,0.398955811
1403636647113555456.000000,-2.619101722,6.065924198,0.803707554,-0.587081387,-0.545938340,0.440254869,0.404304865
1403636647313555456.000000,-2.683670381,6.190087308,0.833811258,-0.585719591,-0.544459281,0.439396229,0.409179185
1403636647513555456.000000,-2.739915285,6.309380112,0.842158851,-0.591231550,-0.547296638,0.430421418,0.407000059
1403636647713555456.000000,-2.794587000,6.422657276,0.843812991,-0.595161987,-0.552319935,0.423194677,0.402033785
1403636647913555456.000000,-2.823641426,6.556323201,0.866524435,-0.587993463,-0.553585332,0.433403333,0.399960646
1403636648113555456.000000,-2.832319904,6.671660860,0.853030183,-0.566219579,-0.572715243,0.449896221,0.385987083
1403636648313555456.000000,-2.831357740,6.801908891,0.819558202,-0.532960640,-0.603063685,0.469386645,0.363240038
1403636648513555456.000000,-2.795482979,6.917746938,0.759778317,-0.496230815,-0.632159274,0.490169839,0.337436154
1403636648713555456.000000,-2.778562678,7.017687139,0.710920300,-0.466797844,-0.649293789,0.507757823,0.320467380
1403636648913555456.000000,-2.734877626,7.115579825,0.713019947,-0.441351094,-0.651057305,0.520981090,0.331530243
1403636649113555456.000000,-2.699623622,7.205033293,0.727165469,-0.443105250,-0.650382426,0.524315551,0.325197848
1403636649313555456.000000,-2.672074761,7.308109999,0.795668000,-0.458890902,-0.652681367,0.517869034,0.308606281
1403636649513555456.000000,-2.639605124,7.392327797,0.872941438,-0.460422489,-0.647267485,0.517939693,0.317481353
1403636649713555456.000000,-2.604763054,7.479714909,0.967568158,-0.464461070,-0.654817618,0.509714329,0.309323625
1403636649863555584.000000,-2.574343061,7.528469899,1.034994816,-0.459822271,-0.660162126,0.512769378,0.299694864
1403636650063555584.000000,-2.517600026,7.603162336,1.077965141,-0.452539935,-0.663814623,0.519290829,0.291367103
1403636650263555584.000000,-2.468062379,7.647605176,1.094361217,-0.430423188,-0.676767820,0.529313916,0.276673048
1403636650463555584.000000,-2.391780247,7.698506758,1.074569853,-0.387362305,-0.698155036,0.545009049,0.255920156
1403636650663555584.000000,-2.320178418,7.720542857,1.051816582,-0.348844029,-0.713858889,0.556527467,0.242879618
1403636650863555584.000000,-2.253298924,7.745845134,1.021537312,-0.332075301,-0.720654944,0.563042585,0.231009725
1403636651063555584.000000,-2.191931119,7.751061999,1.023564625,-0.335128851,-0.722660156,0.564467902,0.216395334
1403636651313555456.000000,-2.104151681,7.751753084,1.066700988,-0.335063124,-0.720666862,0.564175026,0.223782300
1403636651663555584.000000,-1.988458573,7.724193774,1.101820045,-0.346093759,-0.717905610,0.560157239,0.225952459
1403636651863555584.000000,-1.927560117,7.700432376,1.094610071,-0.343752671,-0.729565577,0.549883923,0.217246040
1403636652013555456.000000,-1.867448601,7.669717772,1.079620448,-0.324772763,-0.742361308,0.550709077,0.200354319
1403636652163555584.000000,-1.784319996,7.644520545,1.061957473,-0.285715072,-0.750982716,0.567592729,0.179528134
1403636652313555456.000000,-1.707280715,7.593048950,1.016703548,-0.232071926,-0.761948119,0.582569485,0.161834729
1403636652463555584.000000,-1.625978419,7.549554993,0.973971440,-0.185703305,-0.773093991,0.588635834,0.146108924
1403636652613555456.000000,-1.543865131,7.516081010,0.950160762,-0.155254892,-0.780304332,0.589605588,0.139234761
1403636652763555584.000000,-1.473982755,7.484663460,0.942051482,-0.138137089,-0.780974820,0.593189301,0.138285677
1403636652913555456.000000,-1.391769521,7.461444618,0.942325954,-0.137030851,-0.780739954,0.594569166,0.134741148
1403636653163555584.000000,-1.249839168,7.461083156,0.957925129,-0.150026941,-0.776609511,0.599026277,0.124647919
1403636653313555456.000000,-1.173008595,7.474585636,0.953855846,-0.164127719,-0.772931262,0.602138012,0.114320472
1403636653463555584.000000,-1.103545116,7.474900390,0.950579120,-0.172395961,-0.770690709,0.602600177,0.114841151
1403636653663555584.000000,-1.010128423,7.463289803,0.983771379,-0.181065034,-0.769429695,0.601131780,0.117617948
1403636653813555456.000000,-0.929134408,7.480885902,1.008086915,-0.186939286,-0.767999127,0.601909915,0.113734336
1403636654013555456.000000,-0.849039715,7.464677884,1.007865211,-0.187711006,-0.770062150,0.598785076,0.115001290
1403636654163555584.000000,-0.804423494,7.440616079,0.989239656,-0.184948851,-0.773799008,0.595281143,0.112558333
1403636654313555456.000000,-0.754037260,7.419526496,0.980360258,-0.171369430,-0.775456683,0.598807681,0.103579977
1403636654463555584.000000,-0.695186636,7.372008494,0.985199216,-0.146083675,-0.779175179,0.602276526,0.093854069
1403636654613555456.000000,-0.641822284,7.339787360,1.019265188,-0.117700373,-0.783404378,0.604970333,0.080219068
1403636654763555584.000000,-0.598212723,7.296621505,1.028468715,-0.096048181,-0.789251450,0.602097560,0.073043992
1403636654913555456.000000,-0.553275184,7.259402298,1.045337027,-0.084210241,-0.789977788,0.603702682,0.066232926
1403636655063555584.000000,-0.504548242,7.220119419,1.035009244,-0.085820229,-0.788246482,0.607205893,0.051023279
1403636655213555456.000000,-0.470775034,7.187137540,1.022310316,-0.089019584,-0.788145460,0.607620327,0.041228449
1403636655363555584.000000,-0.426182484,7.147229838,0.997978601,-0.084255478,-0.790872234,0.605345812,0.031282147
1403636655513555456.000000,-0.397364863,7.082683105,0.994553848,-0.072769513,-0.792952684,0.604558876,0.020957203
1403636655663555584.000000,-0.373938299,7.012418493,0.989156146,-0.045802110,-0.799345613,0.598737989,0.021484359
1403636655813555456.000000,-0.355380351,6.934748558,0.961563981,-0.020977562,-0.804571759,0.593180291,0.019009697
1403636655963555584.000000,-0.309202448,6.856962803,0.916952531,0.004281529,-0.808122194,0.588989382,0.003420123
1403636656113555456.000000,-0.272566092,6.782638318,0.884095330,-0.024482552,0.807616433,-0.589097787,0.010958974
1403636656213555456.000000,-0.238997623,6.730330369,0.876570853,-0.034539788,0.805392068,-0.591560222,0.014391785
1403636656313555456.000000,-0.221985604,6.676321794,0.878137385,-0.040892597,0.804375819,-0.592510618,0.015443576
1403636656413555456.000000,-0.165201994,6.622764932,0.872997004,-0.045036750,0.804750507,-0.591717611,0.014784529
1403636656663555584.000000,-0.084556149,6.525466349,0.937313691,-0.039929163,0.800800245,-0.597305898,0.018716122
1403636656763555584.000000,-0.037091319,6.461400207,0.933239904,-0.029743257,0.797949520,-0.601284745,0.029130019
1403636656913555456.000000,0.018482451,6.413690280,0.942346735,-0.020959379,0.792756352,-0.608162565,0.035161995
1403636657063555584.000000,0.074015518,6.335654092,0.930582630,-0.014597103,0.793539625,-0.607138198,0.038275273
1403636657213555456.000000,0.115909509,6.260507906,0.907639865,-0.011293479,0.797773815,-0.601582871,0.039082563
1403636657363555584.000000,0.158263827,6.173056658,0.900773004,-0.015101895,0.802141506,-0.596071906,0.032236931
1403636657513555456.000000,0.201731943,6.061866636,0.889149506,-0.021849745,0.808711629,-0.587408988,0.021418911
1403636657663555584.000000,0.239586575,5.962658364,0.875797987,-0.024587720,0.809431346,-0.586450277,0.017100070
1403636657813555456.000000,0.296440562,5.855849369,0.848860185,-0.027037192,0.811051415,-0.583993497,0.020400681
1403636657963555584.000000,0.347277837,5.750905002,0.809874485,-0.032516778,0.817925427,-0.574050636,0.020162429
1403636658113555456.000000,0.420541084,5.637858202,0.806713278,-0.037304778,0.812922818,-0.580894497,0.018067360
1403636658263555584.000000,0.497791010,5.516948948,0.803234460,-0.044224724,0.803913888,-0.592872680,0.016389630
1403636658413555456.000000,0.582376095,5.417724889,0.798203886,-0.048865668,0.800159627,-0.597631205,0.013916231
1403636658563555584.000000,0.670170668,5.318826806,0.777110094,-0.053329749,0.794041477,-0.605423770,0.010776356
1403636658663555584.000000,0.740342700,5.251784883,0.757290433,-0.054714346,0.790633465,-0.609754098,0.010247159
1403636658913555456.000000,0.852572794,5.116305761,0.716516434,-0.050261475,0.782859181,-0.619908065,0.017868333
1403636659013555456.000000,0.921080929,5.071555857,0.694988438,-0.044612483,0.786087689,-0.615958219,0.025910298
1403636659163555584.000000,0.987591827,5.005503967,0.655674380,-0.038708511,0.787353801,-0.614325510,0.034348367
1403636659313555456.000000,1.030717489,4.942386818,0.604630090,-0.038096101,0.788520150,-0.612875198,0.034185539
1403636659413555456.000000,1.068576476,4.900398061,0.584458485,-0.042861778,0.790135967,-0.610855227,0.026531379
1403636659513555456.000000,1.099710900,4.864709064,0.562052986,-0.046825944,0.790095784,-0.610824170,0.021208861
1403636659613555456.000000,1.118285535,4.828965794,0.557640061,-0.046661792,0.789949524,-0.610987335,0.022291329
1403636659713555456.000000,1.144208296,4.786519572,0.538299673,-0.046696383,0.788744885,-0.612414775,0.025477414
1403636659813555456.000000,1.166822256,4.740144300,0.513098618,-0.046837641,0.787994022,-0.613242415,0.028379509
1403636659913555456.000000,1.181539771,4.708443735,0.491670848,-0.048919564,0.788935405,-0.611893971,0.027813153
1403636660013555456.000000,1.198546067,4.683512010,0.456083485,-0.053981576,0.790180998,-0.610044893,0.023349700
1403636660113555456.000000,1.204913354,4.646999893,0.428544562,-0.059998142,0.791431024,-0.608082401,0.016521192
1403636660213555456.000000,1.210950852,4.615161980,0.379327859,-0.062279844,0.792372932,-0.606697030,0.013604092
1403636660313555456.000000,1.234467166,4.596661244,0.354673986,-0.066866586,0.793205120,-0.605213837,0.008408837
1403636660413555456.000000,1.243349241,4.585113090,0.304817148,0.074931707,-0.795390926,0.601442062,0.002441460
1403636660513555456.000000,1.261210464,4.584569172,0.281264169,0.076942816,-0.795817439,0.600602361,0.005586641
1403636660663555584.000000,1.289808203,4.569180082,0.252440918,-0.066846692,0.790050628,-0.609329279,0.008327892
1403636660763555584.000000,1.315384658,4.585231843,0.229764406,-0.059095497,0.783007636,-0.618921419,0.018521364
1403636660863555584.000000,1.333690646,4.597013608,0.174187005,-0.055347390,0.775277011,-0.628761500,0.023263689
1403636661013555456.000000,1.336951104,4.616581102,0.112705201,-0.051225525,0.775328610,-0.628884672,0.027304964
1403636661163555584.000000,1.350163080,4.655549952,0.054459453,-0.046734654,0.781428891,-0.621385220,0.032636911
1403636661313555456.000000,1.325745757,4.687334832,-0.019672673,-0.044628376,0.784243421,-0.617804114,0.035897650
1403636661463555584.000000,1.302678254,4.717502679,-0.068745916,-0.044131928,0.784966671,-0.616926533,0.035795964
1403636661613555456.000000,1.269771368,4.750207954,-0.100799131,-0.044763032,0.788608656,-0.612326152,0.033901946
1403636661763555584.000000,1.238609929,4.775588622,-0.112519035,-0.040180876,0.791910514,-0.608112169,0.038246906
1403636661913555456.000000,1.203118926,4.799775044,-0.111595511,-0.035289467,0.796820108,-0.601682477,0.042550759
1403636662113555456.000000,1.151137906,4.812830590,-0.083361288,-0.033656495,0.795861001,-0.602991222,0.043290795
1403636662263555584.000000,1.099090800,4.812057095,-0.075363554,-0.039596313,0.788982770,-0.612055744,0.036415477
1403636662413555456.000000,1.057272807,4.805610712,-0.072733062,-0.046986924,0.785654410,-0.616173014,0.029499065
1403636662563555584.000000,0.986645590,4.803137764,-0.081659984,-0.055728473,0.789329968,-0.611104389,0.020098858
1403636662713555456.000000,0.933978273,4.803742708,-0.088742165,-0.052622784,0.803114597,-0.592936114,0.025778899
1403636662863555584.000000,0.887014254,4.811412222,-0.114536158,-0.049330208,0.810125406,-0.583343946,0.031196120
1403636663013555456.000000,0.847467002,4.811750992,-0.149872979,-0.055116770,0.813172011,-0.578907500,0.024073427
1403636663163555584.000000,0.817516766,4.804200968,-0.168885202,-0.057915535,0.819971200,-0.569075635,0.021117365
1403636663313555456.000000,0.810536388,4.810533840,-0.195384767,-0.066330606,0.806113693,-0.587904373,0.012223433
1403636663513555456.000000,0.817801868,4.799454555,-0.247861376,0.079569590,-0.793421422,0.603429935,0.004841566
1403636663663555584.000000,0.832944037,4.834853215,-0.291013838,0.083197989,-0.791832534,0.604959667,0.010155503
1403636663813555456.000000,0.847744450,4.869538280,-0.345178231,0.082546794,-0.780968134,0.618987417,0.011374440
1403636663963555584.000000,0.875056481,4.945732240,-0.376436895,0.074771468,-0.769110164,0.634704156,0.005423786
1403636664113555456.000000,0.878847180,5.045489331,-0.387701340,-0.063414857,0.765582328,-0.640186667,0.004825622
1403636664263555584.000000,0.869325224,5.161961101,-0.376386408,-0.048790579,0.772804587,-0.632540290,0.016891753
1403636664413555456.000000,0.848291111,5.272437766,-0.399090570,-0.038384203,0.777573126,-0.627210214,0.022672320
1403636664563555584.000000,0.823288271,5.387077833,-0.443770206,-0.029356009,0.780808438,-0.623611654,0.024184964
1403636664713555456.000000,0.779346697,5.500318663,-0.485275351,-0.020481539,0.788978274,-0.613562345,0.025199975
1403636664863555584.000000,0.733650237,5.606738344,-0.511672435,-0.020341843,0.786143801,-0.617500040,0.016057209
1403636665013555456.000000,0.684319105,5.719065022,-0.517309535,-0.019871809,0.789909818,-0.612844057,0.008351814
1403636665163555584.000000,0.620162613,5.821362542,-0.503619173,0.024136062,-0.793401955,0.608214947,0.002316322
1403636665313555456.000000,0.563867153,5.942107019,-0.479297020,-0.015289589,0.800243763,-0.599452690,0.005711521
1403636665513555456.000000,0.494617362,6.076794516,-0.468211919,-0.019041580,0.792668638,-0.609343788,0.003741091
1403636665713555456.000000,0.433781352,6.208573896,-0.438495977,-0.025530859,0.784469709,-0.619641162,0.000530984
1403636665913555456.000000,0.360899301,6.360739526,-0.407637966,-0.017490092,0.791632483,-0.610538841,0.015950913
1403636666113555456.000000,0.262349898,6.492761311,-0.379575798,-0.016074604,0.800387301,-0.598835850,0.022746414
1403636666313555456.000000,0.189229761,6.627649851,-0.376869010,-0.014307839,0.795985128,-0.604627477,0.025071419
1403636666513555456.000000,0.105891648,6.730934825,-0.388605393,-0.011387587,0.801916980,-0.596852003,0.023815269
1403636666713555456.000000,0.021631145,6.815396334,-0.366694182,-0.020366444,0.797661653,-0.602728846,0.006247735
1403636666913555456.000000,-0.057687277,6.896671325,-0.340891717,0.027194535,-0.807525818,0.589130684,0.009356668
1403636667113555456.000000,-0.115792251,6.990801664,-0.339258865,0.022027404,-0.812508094,0.582510049,0.005237709
1403636667313555456.000000,-0.149430556,7.089884266,-0.344806711,-0.011558717,0.791419691,-0.611106757,0.008354658
1403636667513555456.000000,-0.193983773,7.156089618,-0.373621730,-0.014237608,0.790255688,-0.612609380,0.001728075
1403636667713555456.000000,-0.244451250,7.254691778,-0.392859311,0.019171344,-0.803127854,0.595441422,0.008223306
1403636667913555456.000000,-0.295401817,7.330093138,-0.378520580,0.017834554,-0.805673581,0.592076989,0.004104689
1403636668113555456.000000,-0.326052502,7.409622747,-0.384161121,0.021067713,-0.801829288,0.597171760,0.003440170
1403636668313555456.000000,-0.340098727,7.518779042,-0.418805085,0.029102477,-0.796592252,0.603788064,0.005814036
1403636668513555456.000000,-0.375846567,7.614140919,-0.461569984,0.032091998,-0.793824823,0.607299077,0.000290515
1403636668713555456.000000,-0.387351263,7.719284094,-0.517167811,-0.035867705,0.790811420,-0.611005219,0.001851197
1403636668913555456.000000,-0.412844509,7.843328615,-0.565774405,-0.035451963,0.775608046,-0.630174484,0.007445631
1403636669113555456.000000,-0.467830988,7.974859418,-0.569194766,-0.026690590,0.785031127,-0.618551384,0.020197204
1403636669313555456.000000,-0.543231769,8.105132318,-0.566497708,-0.025866665,0.786865167,-0.616100283,0.024383712
1403636669513555456.000000,-0.616590537,8.218805130,-0.602929391,-0.022336043,0.786482311,-0.616525025,0.029044260
1403636669713555456.000000,-0.724200425,8.346246500,-0.636308478,-0.010174163,0.781758882,-0.621977619,0.043512971
1403636669913555456.000000,-0.847045373,8.424000936,-0.653494099,-0.000223320,0.805931919,-0.589921560,0.049661303
1403636670113555456.000000,-0.962290278,8.472024036,-0.624953409,-0.000946965,0.823962007,-0.565147606,0.041156991
1403636670313555456.000000,-1.077053239,8.469604680,-0.602719683,0.022304634,0.835499775,-0.546562522,0.052077242
1403636670563555584.000000,-1.165550696,8.419251380,-0.577540025,0.049562625,0.845337064,-0.531024449,0.031013373
1403636670963555584.000000,-1.136988451,8.087766497,-0.514662022,-0.136161872,-0.848242852,0.511261665,0.023569427
1403636671163555584.000000,-1.022050062,7.834353414,-0.441452207,-0.189988238,-0.832975539,0.516024445,0.061440974
1403636671463555584.000000,-0.733767434,7.353368782,-0.327566623,-0.211659769,-0.778101802,0.573290258,0.145244653
1403636671663555584.000000,-0.525304456,7.035714955,-0.266325788,-0.213442830,-0.758374435,0.584530409,0.193996329
1403636671913555456.000000,-0.258879088,6.666492270,-0.209255059,-0.203192122,-0.751145045,0.585430198,0.227520475
1403636672163555584.000000,0.008985464,6.415803150,-0.114324952,-0.190537193,-0.732807815,0.609024269,0.236173080
1403636672413555456.000000,0.213124692,6.287483269,-0.005562293,-0.195990869,-0.717340024,0.631610347,0.219269783
1403636673063555584.000000,0.480597399,6.174938825,-0.057100133,-0.252590915,-0.734236991,0.597001511,0.201700438
1403636673363555584.000000,0.528437046,6.157424450,-0.066227280,-0.258393452,-0.719697130,0.593790153,0.250363975
1403636673763555584.000000,0.513183509,6.266927876,-0.064969378,-0.290716121,-0.715765613,0.592591988,0.228031708
1403636674763555584.000000,0.141122525,6.675528418,-0.219703493,-0.329099887,-0.729189640,0.549291672,0.241359466
1403636675513555456.000000,-0.086658606,7.147999738,-0.332649121,-0.340438157,-0.692193664,0.580706026,0.260288886
1403636675763555584.000000,-0.198983600,7.326413837,-0.351777637,-0.378247494,-0.680548769,0.573374977,0.254996750
1403636676063555584.000000,-0.378403920,7.537512572,-0.416739265,-0.417572902,-0.687082194,0.515647603,0.296071747
1403636676363555584.000000,-0.542655557,7.719515382,-0.512980146,-0.464461442,-0.622279720,0.536773280,0.330027217
1403636676563555584.000000,-0.670563959,7.831576613,-0.552740009,-0.496412941,-0.596496355,0.521370419,0.354879101
1403636676763555584.000000,-0.811938422,7.931800332,-0.562463031,-0.515861924,-0.594730828,0.492444931,0.371052162
1403636677013555456.000000,-1.001414247,8.071727837,-0.560474490,-0.525798530,-0.594236971,0.474046377,0.381704547
1403636677313555456.000000,-1.210538491,8.233181241,-0.632233299,-0.539032127,-0.580768508,0.486611697,0.367914884
1403636677563555584.000000,-1.393898280,8.329990291,-0.655864539,-0.571969881,-0.571690587,0.463858027,0.361740319
1403636677763555584.000000,-1.525164944,8.362711873,-0.650569437,-0.589445259,-0.557668348,0.437561578,0.387427627
1403636677963555584.000000,-1.616923636,8.398109488,-0.637621610,-0.600689900,-0.533019904,0.407543394,0.434706578
1403636678263555584.000000,-1.744839605,8.478578759,-0.629333467,-0.637546076,-0.482547904,0.398143416,0.449626891
1403636678463555584.000000,-1.821680497,8.512611971,-0.623677111,-0.654854504,-0.458998359,0.383265576,0.462161858
1403636678663555584.000000,-1.884358312,8.557894527,-0.589941862,-0.676729825,-0.427894318,0.366000211,0.474327991
1403636678863555584.000000,-1.949088023,8.603274198,-0.569662756,-0.709578883,-0.377661936,0.360637721,0.473085304
1403636679063555584.000000,-2.003570568,8.620032449,-0.579662696,-0.731594140,-0.342453998,0.343390168,0.479143471
1403636679263555584.000000,-2.065283763,8.597770645,-0.589072332,-0.746008645,-0.325765242,0.295048951,0.500294140
1403636679463555584.000000,-2.110935913,8.576991341,-0.595729760,-0.759844640,-0.295995762,0.254494470,0.519860748
1403636679663555584.000000,-2.159737395,8.554837391,-0.573499395,-0.768523123,-0.264984187,0.234153873,0.533223737
1403636679863555584.000000,-2.178342113,8.548213347,-0.523934738,-0.778118732,-0.251357659,0.224945056,0.529858744
1403636680063555584.000000,-2.190456541,8.522595938,-0.454997382,-0.791684058,-0.242517172,0.231519213,0.510706010
1403636680263555584.000000,-2.185102918,8.494157786,-0.375279609,-0.797753458,-0.241572605,0.237173812,0.498979638
1403636680463555584.000000,-2.144695032,8.443818783,-0.321610287,-0.799903977,-0.234592891,0.254731874,0.490134140
1403636680663555584.000000,-2.091203118,8.347714053,-0.302648888,-0.794220528,-0.238815499,0.258338499,0.495421165
1403636680863555584.000000,-2.013297871,8.230655372,-0.284166827,-0.775810083,-0.252291613,0.246241606,0.523290291
1403636681063555584.000000,-1.943411648,8.087046657,-0.299413551,-0.754269711,-0.249961762,0.252077496,0.552316265
1403636681263555584.000000,-1.889895432,7.962023948,-0.321444041,-0.763750483,-0.247090964,0.255013202,0.539072835
1403636681463555584.000000,-1.846188700,7.826314450,-0.319856117,-0.773205037,-0.256003319,0.240529194,0.527979146
1403636681663555584.000000,-1.809530579,7.683203043,-0.307557279,-0.775870290,-0.253583982,0.238953707,0.525948271
1403636681863555584.000000,-1.755440803,7.548437763,-0.316922969,-0.778715285,-0.251522791,0.237057165,0.523586374
1403636682063555584.000000,-1.690601484,7.409360454,-0.295237188,-0.777555818,-0.251583830,0.232656527,0.527241375
1403636682263555584.000000,-1.629636389,7.268953467,-0.277193450,-0.773581548,-0.249183431,0.231536209,0.534668298
1403636682463555584.000000,-1.548846166,7.124918588,-0.258676253,-0.766810450,-0.244685505,0.239785334,0.542801742
1403636682663555584.000000,-1.491361252,6.980713348,-0.259009163,-0.775453570,-0.252233321,0.236546041,0.528295450
1403636682863555584.000000,-1.426216453,6.855529802,-0.253738218,-0.777621829,-0.259070705,0.232389957,0.523623498
1403636683113555456.000000,-1.330954249,6.669970414,-0.236037323,-0.780431478,-0.257364293,0.238062436,0.517703202
1403636683313555456.000000,-1.243147676,6.518940443,-0.227206638,-0.776638164,-0.256401537,0.234751873,0.525340816
1403636683513555456.000000,-1.144951324,6.373732680,-0.246601172,-0.775439368,-0.255145696,0.231689195,0.529069540
1403636683713555456.000000,-1.048587432,6.230203191,-0.279453483,-0.772688546,-0.251294778,0.233537563,0.534100695
1403636683913555456.000000,-0.953557474,6.088171413,-0.289483437,-0.769285770,-0.245814395,0.236075121,0.540410238
1403636684213555456.000000,-0.818677826,5.888388351,-0.256122599,-0.773750141,-0.246100125,0.226906930,0.537827754
1403636684413555456.000000,-0.733877418,5.746770159,-0.210803855,-0.777438388,-0.246355660,0.220528768,0.535037854
1403636684663555584.000000,-0.613818347,5.602696500,-0.203892864,-0.775707666,-0.249836314,0.212145524,0.539308548
1403636684863555584.000000,-0.513114834,5.493026352,-0.227286186,-0.776775126,-0.249564225,0.212064482,0.537928208
1403636685113555456.000000,-0.371519237,5.382128385,-0.260331687,-0.781372570,-0.243893605,0.224347002,0.528811156
1403636685363555584.000000,-0.238339778,5.259781560,-0.248408908,-0.779365941,-0.240494842,0.237505405,0.527581410
1403636685563555584.000000,-0.115082139,5.152991619,-0.225002438,-0.775608682,-0.245479396,0.236722378,0.531162455
1403636685763555584.000000,-0.008553616,5.043292197,-0.241021629,-0.776644443,-0.247673992,0.235935526,0.528975832
1403636685963555584.000000,0.119427007,4.937580546,-0.283165005,-0.777026711,-0.248240136,0.235832605,0.528194385
1403636686163555584.000000,0.235367246,4.820151622,-0.301090168,-0.771078653,-0.249010975,0.233996967,0.537286390
1403636686363555584.000000,0.347588555,4.712561840,-0.299132050,-0.767149987,-0.249911680,0.234704628,0.542161219
1403636686563555584.000000,0.448796153,4.599008792,-0.293503991,-0.765582743,-0.248133411,0.237034460,0.544176018
1403636686763555584.000000,0.548620564,4.488469238,-0.299086558,-0.767146141,-0.247800592,0.236161896,0.542502740
1403636686963555584.000000,0.619266708,4.396505081,-0.305492330,-0.768567819,-0.250491114,0.230816582,0.541554628
1403636687163555584.000000,0.709245637,4.295420829,-0.276631367,-0.769078989,-0.250946892,0.228325203,0.541674042
1403636687363555584.000000,0.770685397,4.213156559,-0.262616970,-0.772058625,-0.251432009,0.225770943,0.538270290
1403636687563555584.000000,0.855654007,4.133416512,-0.265367619,-0.773235100,-0.252361315,0.223628290,0.537039696
1403636687763555584.000000,0.927513731,4.060583066,-0.306330989,-0.773010542,-0.253750356,0.218785415,0.538700659
1403636687963555584.000000,1.001638193,3.995315564,-0.364595688,-0.774694170,-0.251054293,0.221733708,0.536334641
1403636688163555584.000000,1.076380343,3.933703702,-0.430042861,-0.778966852,-0.246255742,0.227248265,0.530025451
1403636688363555584.000000,1.166139294,3.866055933,-0.466009072,-0.776161787,-0.248135274,0.223206752,0.534958420
1403636688613555456.000000,1.264240327,3.777120555,-0.543126890,-0.779947523,-0.241036751,0.232922636,0.528516975
1403636688813555456.000000,1.353402290,3.708853550,-0.602898778,-0.781975348,-0.237614285,0.234258977,0.526475772
1403636688963555584.000000,1.420600040,3.642884157,-0.637031962,-0.780600286,-0.230570425,0.228704760,0.534036146
1403636689113555456.000000,1.490287200,3.583593116,-0.650026857,-0.778161285,-0.223016421,0.222025382,0.543537873
1403636689263555584.000000,1.547096325,3.500673721,-0.663914069,-0.776517396,-0.216697289,0.216104606,0.550782914
1403636689513555456.000000,1.600125502,3.382555344,-0.615936278,-0.777822257,-0.209230278,0.211184404,0.553729514
1403636689663555584.000000,1.654784912,3.308066211,-0.584024325,-0.773082313,-0.206470862,0.212175723,0.560976811
1403636689813555456.000000,1.682956196,3.245581356,-0.546448997,-0.762477707,-0.207511205,0.212745600,0.574722678
1403636689963555584.000000,1.691421806,3.185525485,-0.512821777,-0.757537667,-0.216706786,0.203007009,0.581345858
1403636690113555456.000000,1.676528452,3.136919410,-0.502582239,-0.760177629,-0.216563142,0.207203162,0.576452276
1403636690363555584.000000,1.640014256,3.082753623,-0.470291880,-0.767807436,-0.211206538,0.218609402,0.563980025
1403636690513555456.000000,1.591221938,3.054534697,-0.444687076,-0.767133697,-0.215094138,0.214515635,0.564998624
1403636690713555456.000000,1.523943595,3.021078612,-0.406892609,-0.758595523,-0.226940089,0.198614545,0.577566698
1403636690863555584.000000,1.455014025,2.999012446,-0.422437375,-0.751962637,-0.241343304,0.179488395,0.586591441
1403636691013555456.000000,1.377831860,3.003475317,-0.445980438,-0.756778231,-0.257922246,0.156250171,0.579955781
1403636691163555584.000000,1.314821179,3.046969622,-0.448679414,-0.767948991,-0.265150044,0.144513585,0.564858943
1403636691313555456.000000,1.265655194,3.128377073,-0.444381900,-0.787865222,-0.254932423,0.155650907,0.538563503
1403636691513555456.000000,1.225556223,3.273472798,-0.419377637,-0.786669005,-0.232304660,0.178681411,0.543377746
1403636691713555456.000000,1.212812758,3.429159363,-0.366482194,-0.787749813,-0.215776255,0.194702309,0.543122316
1403636691913555456.000000,1.207524550,3.569447470,-0.318906033,-0.788137987,-0.211872300,0.197546812,0.543068964
1403636692113555456.000000,1.204542386,3.721407418,-0.268584583,-0.788500907,-0.219062505,0.188551761,0.542886886
1403636692363555584.000000,1.222438050,3.892475648,-0.195431398,-0.788778237,-0.215389662,0.196701797,0.541058767
1403636692613555456.000000,1.253910410,4.063251228,-0.081415722,-0.789755879,-0.213408809,0.204066724,0.537679369
1403636692863555584.000000,1.281565541,4.237848121,0.048969404,-0.794726225,-0.199662415,0.227702743,0.526019589
1403636693163555584.000000,1.325125562,4.363340492,0.158706852,-0.790369810,-0.202292351,0.222700385,0.533664601
1403636693413555456.000000,1.347631416,4.437493543,0.222313671,-0.777465669,-0.198878329,0.223713706,0.553124509
1403636693663555584.000000,1.361467357,4.479520740,0.249315680,-0.765114842,-0.188301227,0.234436808,0.569369221
1403636693913555456.000000,1.311579819,4.516807808,0.275790664,-0.777234937,-0.200842848,0.216070225,0.555771231
1403636694163555584.000000,1.236458419,4.546867566,0.285557179,-0.788699570,-0.212865971,0.197446151,0.541900438
1403636694413555456.000000,1.176314845,4.562458255,0.313711446,-0.786266838,-0.208652628,0.200624539,0.545892237
1403636694663555584.000000,1.109580248,4.593309244,0.325299448,-0.784594517,-0.206298874,0.206228916,0.547103147
1403636694913555456.000000,1.049636419,4.609271447,0.307352618,-0.780165214,-0.215408705,0.197821146,0.552999207
1403636695163555584.000000,1.006569301,4.648818063,0.274813638,-0.778258972,-0.216650622,0.201379631,0.553914908
1403636695413555456.000000,0.942301349,4.681755890,0.279803360,-0.783067567,-0.217358889,0.207860568,0.544384315
1403636695713555456.000000,0.880833050,4.738882218,0.310846575,-0.788492556,-0.217624370,0.213360611,0.534225020
1403636695963555584.000000,0.849277790,4.766495059,0.309769144,-0.783506647,-0.219471096,0.213937870,0.540537103
1403636696263555584.000000,0.792509866,4.794591776,0.250945556,-0.782201030,-0.213522851,0.226744631,0.539589115
1403636696513555456.000000,0.751774111,4.789117024,0.219949741,-0.788641262,-0.231291151,0.205757726,0.531237349
1403636697163555584.000000,0.763598516,4.793276876,0.184233679,-0.798981063,-0.216228354,0.229396655,0.512105199
1403636697763555584.000000,0.881449870,4.638224600,0.308896044,-0.775002186,-0.243895866,0.245820551,0.528638511
1403636698013555456.000000,0.921108195,4.545347072,0.335639746,-0.758895048,-0.281739920,0.269863508,0.521415967
1403636698313555456.000000,0.973312601,4.414484588,0.320712459,-0.747047034,-0.307339731,0.285414703,0.515753300
1403636698613555456.000000,1.025195129,4.288976695,0.269762398,-0.723534627,-0.351028854,0.319702948,0.501065277
1403636698963555584.000000,1.056346424,4.123599258,0.187536120,-0.676418467,-0.423127070,0.366027144,0.479004876
1403636699513555456.000000,1.089762756,3.900378460,0.167075905,-0.581716114,-0.540940131,0.420046317,0.438806597
1403636700163555584.000000,1.159395695,3.822793440,0.112530488,-0.527967355,-0.600305879,0.461767431,0.384257938
1403636700713555456.000000,1.270575353,3.853454865,-0.071892053,-0.504930458,-0.621913403,0.481337163,0.355785731
1403636701263555584.000000,1.429537024,3.923304080,-0.180830557,-0.479459030,-0.621148820,0.501354174,0.364605505
1403636701913555456.000000,1.549188558,4.080226641,-0.134222120,-0.487606974,-0.626307818,0.498314527,0.348798779
1403636702663555584.000000,1.698286622,4.288014543,-0.333044311,-0.405389048,-0.668724872,0.542562623,0.306745116
1403636703013555456.000000,1.722615091,4.397188188,-0.482537243,-0.402198277,-0.668320963,0.543662785,0.309861926
1403636703513555456.000000,1.741606388,4.604639068,-0.584545401,-0.417366547,-0.677688830,0.528319675,0.295670993
1403636704013555456.000000,1.766987443,4.807990386,-0.578920288,-0.421844122,-0.676602481,0.524723274,0.298198099
1403636704363555584.000000,1.803923569,4.943936956,-0.642898370,-0.417291777,-0.667646060,0.532472343,0.310788538
1403636704713555456.000000,1.820288377,5.090423942,-0.654683714,-0.410258483,-0.659029425,0.541235333,0.323160188
1403636705063555584.000000,1.794551592,5.298389136,-0.706285113,-0.402639441,-0.652340525,0.545277464,0.339125061
1403636705363555584.000000,1.726038658,5.521873256,-0.754214960,-0.426758015,-0.655580997,0.540640413,0.309514291
1403636705663555584.000000,1.627068573,5.745287404,-0.780474091,-0.417636273,-0.654559863,0.542513222,0.320641127
1403636705913555456.000000,1.530374985,5.946436295,-0.820522600,-0.426285234,-0.663696031,0.530518524,0.310384557
1403636706213555456.000000,1.392662538,6.177155725,-0.833371211,-0.434711141,-0.674052128,0.513749245,0.304535165
1403636706513555456.000000,1.296008334,6.417197252,-0.889041809,-0.434314594,-0.653093301,0.538606416,0.307803676
1403636706813555456.000000,1.186736911,6.644007732,-0.906749327,-0.426101470,-0.651371254,0.541963220,0.316905183
1403636707063555584.000000,1.080318174,6.844479657,-0.906282983,-0.424467770,-0.654698465,0.542416435,0.311418436
1403636707313555456.000000,0.948226900,7.027429157,-0.870688071,-0.419018429,-0.657106189,0.546324804,0.306861894
1403636707713555456.000000,0.712218278,7.328486502,-0.769485957,-0.411017023,-0.667254464,0.536013536,0.313888477
1403636707963555584.000000,0.544159427,7.527363089,-0.763046726,-0.415196523,-0.670881852,0.528801227,0.312887599
1403636708313555456.000000,0.313769927,7.830647073,-0.821052298,-0.427964288,-0.670880969,0.521564107,0.307792424
1403636708563555584.000000,0.158313735,8.034237121,-0.865172818,-0.430830119,-0.683804750,0.502979844,0.306280507
1403636708813555456.000000,0.073054184,8.242965532,-0.916990781,-0.436299472,-0.664143202,0.532214111,0.292069713
1403636709063555584.000000,-0.033775141,8.432567895,-0.945680407,-0.436007546,-0.662555255,0.541501839,0.278735919
1403636709363555584.000000,-0.148586438,8.609270110,-0.954530418,-0.423065646,-0.663134096,0.547146076,0.286181413
1403636709613555456.000000,-0.270984766,8.708958690,-0.969264110,-0.419600006,-0.660435772,0.550877083,0.290335780
1403636709863555584.000000,-0.414919160,8.805025319,-0.989402914,-0.421398483,-0.658997349,0.549373783,0.293826919
1403636710113555456.000000,-0.582059898,8.877243830,-0.989226792,-0.426619533,-0.656904698,0.548020945,0.293504745
1403636710363555584.000000,-0.753212350,8.944185863,-1.026541759,-0.433124018,-0.663662346,0.531644613,0.298847589
1403636710613555456.000000,-0.938816214,8.988008383,-1.075873659,-0.449184943,-0.665846051,0.503367955,0.318594766
1403636710863555584.000000,-1.093136332,9.025001802,-1.158793723,-0.482687774,-0.637656175,0.499166702,0.333526190
1403636711063555584.000000,-1.205067286,9.063639378,-1.190429066,-0.508007844,-0.608730939,0.502716256,0.344457604
1403636711263555584.000000,-1.305317251,9.078947501,-1.203834741,-0.520948410,-0.595903598,0.503168374,0.346890822
1403636711463555584.000000,-1.427192676,9.077211541,-1.194006441,-0.529911574,-0.603047874,0.489623250,0.340288200
1403636711663555584.000000,-1.539853147,9.056708952,-1.188369581,-0.536927118,-0.605736298,0.489041174,0.325010057
1403636711913555456.000000,-1.649822746,8.995048489,-1.181774971,-0.525071545,-0.611840571,0.487315751,0.335371953
1403636712163555584.000000,-1.740294506,8.900108194,-1.124462417,-0.514496186,-0.624424500,0.473049130,0.348729463
1403636712413555456.000000,-1.790790833,8.795437950,-1.050394446,-0.538995676,-0.595552484,0.482377281,0.349446790
1403636712663555584.000000,-1.845257688,8.650562393,-0.950033535,-0.562535971,-0.581166029,0.469545550,0.354014553
1403636712963555584.000000,-1.887107455,8.461636678,-0.885541470,-0.568918667,-0.575140392,0.460182041,0.365756159
1403636713263555584.000000,-1.871127222,8.242085735,-0.817724898,-0.566029854,-0.574274934,0.458412259,0.373733469
1403636713513555456.000000,-1.847383345,8.038427082,-0.720877059,-0.560909178,-0.576868803,0.456483906,0.379770617
1403636713863555584.000000,-1.786150602,7.769789404,-0.583564015,-0.549900106,-0.587297063,0.448472510,0.389312780
1403636714163555584.000000,-1.699001496,7.570963049,-0.527681289,-0.548015349,-0.582858610,0.462467155,0.382203019
1403636714413555456.000000,-1.607760958,7.409306476,-0.515811884,-0.542741634,-0.588110394,0.460886790,0.383589691
1403636714663555584.000000,-1.518198795,7.263440966,-0.542697034,-0.544506592,-0.571972486,0.459347425,0.406644795
1403636715013555456.000000,-1.399184694,7.097615825,-0.500176689,-0.593525041,-0.514620817,0.439170235,0.435916214
1403636716763555584.000000,-0.954484530,6.667273688,-0.356381336,-0.628981379,-0.499203850,0.407885952,0.434519264
1403636717213555456.000000,-0.761127309,6.539586503,-0.361982762,-0.673364168,-0.438158303,0.370242043,0.466389138
1403636717663555584.000000,-0.566216689,6.419977469,-0.338846748,-0.692565649,-0.411768233,0.366828770,0.465012255
1403636718113555456.000000,-0.394890456,6.197382021,-0.372792690,-0.712238080,-0.379512351,0.347597620,0.477350173
1403636718563555584.000000,-0.240394641,5.895629067,-0.396111845,-0.730681170,-0.338862465,0.293692767,0.514802696
1403636718863555584.000000,-0.147696537,5.704741726,-0.465947057,-0.737750767,-0.319215870,0.275975353,0.526937035
1403636719213555456.000000,-0.040999889,5.531906603,-0.500773024,-0.752581827,-0.312633020,0.273762294,0.510818358
1403636719463555584.000000,0.031737680,5.409569804,-0.519195652,-0.753416667,-0.322133977,0.265764841,0.507899670
1403636719763555584.000000,0.146214397,5.277652900,-0.576944720,-0.742648249,-0.323096994,0.276027190,0.517581781
1403636720013555456.000000,0.244196854,5.182096823,-0.569254198,-0.737589774,-0.326673488,0.282383608,0.519138955
1403636720313555456.000000,0.353548096,5.071879352,-0.589014677,-0.735388190,-0.327860024,0.283606374,0.520844929
1403636720563555584.000000,0.446385568,4.994591079,-0.644061103,-0.735037780,-0.325926226,0.281212037,0.523842865
1403636720863555584.000000,0.535243583,4.929034406,-0.624356021,-0.732571213,-0.331176106,0.286325592,0.521228798
1403636721163555584.000000,0.606228383,4.880687305,-0.642917774,-0.718985000,-0.366718468,0.303051929,0.506692868
1403636721713555456.000000,0.787296565,4.853600458,-0.649591919,-0.695095221,-0.409270831,0.340525166,0.483096919
1403636722163555584.000000,0.929448329,4.830335583,-0.676803936,-0.696745003,-0.407333475,0.349852499,0.475635438
1403636722613555456.000000,1.080589903,4.781771401,-0.678779125,-0.691498201,-0.414053818,0.351512580,0.476265242
1403636723113555456.000000,1.253629422,4.706977205,-0.682875333,-0.687595149,-0.419042026,0.353225238,0.476286283
1403636723613555456.000000,1.420382952,4.604047383,-0.656872843,-0.685301720,-0.442579036,0.360281721,0.452418424
1403636724163555584.000000,1.616772863,4.477968989,-0.643921435,-0.644647324,-0.462517759,0.394576077,0.463483408
1403636724713555456.000000,1.773334372,4.380658103,-0.656634385,-0.611132814,-0.514932631,0.427241623,0.422877837
1403636728213555456.000000,2.445019411,3.861221831,0.134404548,-0.630245323,-0.499740198,0.414679452,0.425548494
1403636729063555584.000000,2.651812059,3.542026900,0.212784855,-0.660231376,-0.466899619,0.388013001,0.442204915
1403636729763555584.000000,2.873299912,3.239137570,0.246137041,-0.665081074,-0.456507008,0.379047509,0.453421991
1403636730363555584.000000,3.099240038,2.952185405,0.257287919,-0.657557166,-0.453869409,0.382155614,0.464304017
1403636730963555584.000000,3.217774884,2.723698071,0.306676064,-0.644916013,-0.452067909,0.383177576,0.482589771
1403636731513555456.000000,3.250050066,2.610797211,0.342895270,-0.657218995,-0.462552876,0.375102557,0.461958982
1403636732313555456.000000,3.357476448,2.561356810,0.184791107,-0.663034131,-0.460307657,0.372995037,0.457577649
1403636732913555456.000000,3.503174623,2.487517119,0.173905853,-0.677715362,-0.455880052,0.374472072,0.438914494
1403636733413555456.000000,3.687492612,2.300792590,0.239759494,-0.669431037,-0.448683680,0.378672110,0.455140061
1403636733963555584.000000,3.890056628,2.064968112,0.344460091,-0.665885725,-0.444216691,0.383016905,0.461048570
1403636734513555456.000000,4.075009294,1.787826324,0.396788816,-0.664711459,-0.448308568,0.375317819,0.465096376
1403636735013555456.000000,4.224459033,1.563074539,0.437422521,-0.663642572,-0.441366177,0.377713505,0.471282232
1403636735463555584.000000,4.317069454,1.387802318,0.449197170,-0.657618268,-0.448749876,0.375333009,0.474643966
1403636735963555584.000000,4.367079932,1.246026921,0.569159502,-0.655177638,-0.455629460,0.381751664,0.466272158
1403636736463555584.000000,4.404054322,1.119161060,0.669290694,-0.684761727,-0.423562328,0.359372998,0.471749276
1403636737113555456.000000,4.443107141,0.919133251,0.677460588,-0.695470816,-0.411450031,0.348476140,0.474966942
1403636737413555456.000000,4.486541187,0.782516908,0.656220889,-0.693295481,-0.405911017,0.345023786,0.485320728
1403636737663555584.000000,4.507479230,0.702343360,0.657796354,-0.689240761,-0.404042132,0.341752462,0.494876130
1403636737963555584.000000,4.531512006,0.602960293,0.712852439,-0.683417923,-0.408701807,0.336690164,0.502536077
1403636738513555456.000000,4.533172202,0.511764177,0.878751833,-0.681858325,-0.414453407,0.347687860,0.492352262
1403636738913555456.000000,4.498182891,0.527122383,0.880432886,-0.645497449,-0.474237141,0.372498091,0.468697504
1403636739263555584.000000,4.488672620,0.581150017,0.796790890,-0.594098840,-0.538154067,0.417935063,0.427512633
1403636739663555584.000000,4.517111121,0.682409469,0.713263222,-0.539216796,-0.587276025,0.469087760,0.379879968
1403636740063555584.000000,4.547082665,0.758300681,0.660577076,-0.526612674,-0.598793659,0.474029721,0.373391310
1403636740413555456.000000,4.562734530,0.825330766,0.567028292,-0.535961907,-0.591075080,0.475558789,0.370430725
1403636740813555456.000000,4.600758084,0.881388991,0.446738449,-0.537151219,-0.590289136,0.467749752,0.379786089
1403636741163555584.000000,4.623829245,0.927813796,0.341990850,-0.545420098,-0.582334320,0.482749614,0.361049119
1403636741513555456.000000,4.668239890,0.935435858,0.173534398,-0.516501293,-0.602287617,0.479180105,0.375316490
1403636741863555584.000000,4.712001307,0.951714765,0.076940161,-0.516046453,-0.599444130,0.484605796,0.373523783
1403636742263555584.000000,4.725464516,0.981111399,-0.035522012,-0.518279644,-0.587996311,0.486445971,0.386027028
1403636742613555456.000000,4.701459517,1.027104393,-0.074997523,-0.532336222,-0.590947479,0.474017446,0.377765384
1403636743063555584.000000,4.673232398,1.086815261,-0.156959897,-0.531590545,-0.594890695,0.471222752,0.376119224
1403636743413555456.000000,4.656209215,1.139772516,-0.262623621,-0.495940698,-0.596259335,0.486436768,0.402364139
1403636743763555584.000000,4.590093363,1.270205957,-0.336324984,-0.513339193,-0.601051091,0.485981931,0.372883389
1403636744163555584.000000,4.488328283,1.447324196,-0.503591561,-0.505445796,-0.618535803,0.491189180,0.347377598
1403636744513555456.000000,4.415332996,1.556761915,-0.728516989,-0.494784741,-0.639218605,0.477158863,0.344829023
1403636744863555584.000000,4.374695817,1.673549449,-0.981148283,-0.500728983,-0.633656856,0.483305256,0.337883862
1403636745213555456.000000,4.392810583,1.761628249,-1.179466063,-0.495841447,-0.621485439,0.489716729,0.357875165
1403636745513555456.000000,4.368621560,1.845213299,-1.270271262,-0.512535982,-0.616724860,0.485653541,0.347991310
1403636745863555584.000000,4.368781610,1.943768295,-1.300560410,-0.503806672,-0.621968575,0.496354714,0.336104042
1403636746213555456.000000,4.356176392,1.972473798,-1.241880230,-0.492904519,-0.622808619,0.515273331,0.321944022
1403636746513555456.000000,4.308391793,1.948035039,-1.170765197,-0.497270720,-0.631540528,0.506442075,0.312081427
1403636746913555456.000000,4.242069929,1.860613997,-1.170065679,-0.470749729,-0.635568359,0.487710871,0.369574972
1403636747263555584.000000,4.185430637,1.866909847,-1.130560992,-0.490542200,-0.625044867,0.499858683,0.344715188
1403636747513555456.000000,4.121183243,1.866639002,-1.058648732,-0.488915467,-0.625092832,0.504421004,0.340264703
1403636747813555456.000000,4.048713705,1.867954718,-0.983891876,-0.481351452,-0.629268348,0.506384269,0.340436628
1403636748213555456.000000,3.926595549,1.872711427,-0.846205060,-0.470838556,-0.654318273,0.481619881,0.343832723
1403636748613555456.000000,3.842992407,1.892436946,-0.774586351,-0.477476900,-0.636692446,0.505819057,0.332844740
1403636749013555456.000000,3.768992998,1.922825028,-0.666816813,-0.470227835,-0.655865604,0.487514750,0.333249847
1403636749463555584.000000,3.743115851,2.004316153,-0.577412991,-0.469658381,-0.648756852,0.505726456,0.320587434
1403636749963555584.000000,3.745185831,2.051275798,-0.466209515,-0.486451919,-0.643619817,0.504473126,0.307611648
1403636750663555584.000000,3.768837290,1.958644491,-0.318456203,-0.492281686,-0.629992082,0.500799235,0.331615508
1403636751363555584.000000,3.805647291,1.787548334,0.064075545,-0.479089950,-0.625135030,0.505801138,0.351915080
1403636752013555456.000000,3.804079601,1.697086164,0.337195082,-0.485724431,-0.618038522,0.494717732,0.370613717
1403636752513555456.000000,3.789963093,1.723850523,0.508468670,-0.536817051,-0.595197892,0.471648510,0.367579388
1403636752963555584.000000,3.803982282,1.722256555,0.643199031,-0.597546935,-0.527351827,0.441988289,0.411684422
1403636753513555456.000000,3.784100056,1.671580032,0.638039067,-0.669211988,-0.441674944,0.388786261,0.453788280
1403636754163555584.000000,3.749153899,1.529626660,0.656501193,-0.676588806,-0.447465873,0.373422307,0.450064063
1403636754713555456.000000,3.787067990,1.316124023,0.724026724,-0.689320883,-0.426043899,0.366620718,0.457069541
1403636755263555584.000000,3.889847739,1.002247319,0.725965904,-0.710803249,-0.389608253,0.338948738,0.477575024
1403636756063555584.000000,4.027978724,0.493974340,0.786349659,-0.704415195,-0.393657876,0.340967051,0.482259453
1403636756363555584.000000,4.057404474,0.291738955,0.815630346,-0.707637500,-0.392975214,0.338817524,0.479606438
1403636756713555456.000000,4.114679272,0.045870344,0.829836385,-0.710577253,-0.392254948,0.334558698,0.478838701
1403636757013555456.000000,4.190065351,-0.170300993,0.857606378,-0.711682659,-0.391420149,0.331744668,0.479836988
1403636757263555584.000000,4.258540454,-0.364331541,0.883736563,-0.711352371,-0.390616922,0.330654179,0.481730254
1403636757663555584.000000,4.389675503,-0.658362715,0.859252745,-0.708795194,-0.368149731,0.341512225,0.495423605
1403636757913555456.000000,4.459123021,-0.844218857,0.911646389,-0.705217355,-0.351753527,0.340014546,0.513154993
1403636758313555456.000000,4.499577505,-1.143605759,1.005467904,-0.724171662,-0.366037012,0.308744899,0.496254871
1403636758513555456.000000,4.530711316,-1.294424090,1.002487271,-0.706006140,-0.361374423,0.314516780,0.521577465
1403636758713555456.000000,4.536390340,-1.422439196,1.004801003,-0.694034633,-0.362470331,0.313763601,0.537106684
1403636758963555584.000000,4.519451726,-1.542829141,0.979829000,-0.716105711,-0.369900146,0.306832603,0.506182029
1403636759163555584.000000,4.504464839,-1.627712030,0.950258611,-0.712523626,-0.380091925,0.291487979,0.512713339
1403636759363555584.000000,4.495252353,-1.692402530,0.916332672,-0.707646637,-0.386610350,0.280460943,0.520682565
1403636759563555584.000000,4.505655826,-1.711069038,0.860279588,-0.720207750,-0.372735228,0.297718270,0.503719245
1403636759763555584.000000,4.526180910,-1.719249050,0.818924995,-0.725256105,-0.365972554,0.303785961,0.497776819
1403636760013555456.000000,4.558853304,-1.737174094,0.800621165,-0.718616812,-0.359544380,0.312586095,0.506564556
1403636760213555456.000000,4.579540089,-1.750369164,0.778606722,-0.714034588,-0.357526133,0.315912736,0.512375658
1403636760463555584.000000,4.608991924,-1.764045882,0.745758319,-0.725685563,-0.365793634,0.305587753,0.496176991
1403636760663555584.000000,4.617877528,-1.773192655,0.720072013,-0.720548851,-0.355887630,0.317548375,0.503305452
1403636760863555584.000000,4.648276633,-1.777891554,0.682526819,-0.724650143,-0.353575642,0.319335257,0.497886965
1403636761063555584.000000,4.662253500,-1.798521074,0.655179854,-0.721539784,-0.351621750,0.320203909,0.503201691
1403636761263555584.000000,4.673026118,-1.828211220,0.635503414,-0.708471808,-0.342467151,0.330735584,0.520958656
1403636761413555456.000000,4.663579327,-1.840638309,0.619453768,-0.712707086,-0.345614503,0.326270694,0.515894039
1403636761563555584.000000,4.657114492,-1.869754146,0.610072185,-0.722195180,-0.355080668,0.315308118,0.502924082
1403636761713555456.000000,4.631582755,-1.895108334,0.626846128,-0.721269258,-0.365041546,0.303645695,0.504296162
1403636761863555584.000000,4.624130894,-1.900451208,0.626616052,-0.715708122,-0.372074483,0.295064685,0.512112581
1403636762063555584.000000,4.611904389,-1.921358363,0.646091085,-0.723924531,-0.362224914,0.310687092,0.498196663
1403636762213555456.000000,4.617637200,-1.931655119,0.646365097,-0.729457402,-0.349190729,0.329021984,0.487547196
1403636762413555456.000000,4.610607939,-1.960618134,0.659129296,-0.712784339,-0.345019474,0.336377451,0.509657001
1403636762563555584.000000,4.595439162,-1.979603707,0.647170923,-0.703073188,-0.365572872,0.309218546,0.525764642
1403636762713555456.000000,4.576710747,-1.997280324,0.607832287,-0.704529470,-0.380328444,0.289072273,0.524810177
