1000
1007
1013
1020
1027
1033
1040
1047
1053
1060
1067
1073
1080
1087
1093
1100
1107
1113
1120
1127
1133
1140
1147
1153
1160
1167
1173
1180
1187
1193
1200
1207
1213
1220
1227
1233
1240
1247
1253
1260
1267
1273
1280
1287
1293
1300
1307
1313
1320
1327
1333
1340
1347
1353
1360
1367
1373
1380
1387
1393
1400
1407
1413
1420
1427
1433
1440
1447
1453
1460
1467
1473
1480
1487
1493
1500
1507
1513
1520
1527
1533
1540
1547
1553
1560
1567
1573
1580
1587
1593
1600
1607
1613
1620
1627
1633
1640
1647
1653
1660
1667
1673
1680
1687
1693
1700
1707
1713
1720
1727
1733
1740
1747
1753
1760
1767
1773
1780
1787
1793
1800
1807
1813
1820
1827
1833
1840
1847
1853
1860
1867
1873
1880
1887
1893
1900
1907
1913
1920
1927
1933
1940
1947
1953
1960
1967
1973
1980
1987
1993
2000
2007
2013
2020
2027
2033
2040
2047
2053
2060
2067
2073
2080
2087
2093
2100
2107
2113
2120
2127
2133
2140
2147
2153
2160
2167
2173
2180
2187
2193
2200
2207
2213
2220
2227
2233
2240
2247
2253
2260
2267
2273
2280
2287
2293
2300
2307
2313
2320
2327
2333
2340
2347
2353
2360
2367
2373
2380
2387
2393
2400
2407
2413
2420
2427
2433
2440
2447
2453
2460
2467
2473
2480
2487
2493
2500
2507
2513
2520
2527
2533
2540
2547
2553
2560
2567
2573
2580
2587
2593
2600
2607
2613
2620
2627
2633
2640
2647
2653
2660
2667
2673
2680
2687
2693
2700
2707
2713
2720
2727
2733
2740
2747
2753
2760
2767
2773
2780
2787
2793
2800
2807
2813
2820
2827
2833
2840
2847
2853
2860
2867
2873
2880
2887
2893
2900
2907
2913
2920
2927
2933
2940
2947
2953
2960
2967
2973
2980
2987
2993
3000
3007
3013
3020
3027
3033
3040
3047
3053
3060
3067
3073
3080
3087
3093
3100
3107
3113
3120
3127
3133
3140
3147
3153
3160
3167
3173
