1607	-4156.380961	-4153.570595	198.9870824	-0.719573528	-0.140031188	0.000081575	0.680150864
1640	-4093.034581	-4074.796965	204.0013898	-0.750786525	-0.195389914	0.022008259	0.63060131
1673	-4049.397154	-3972.616313	199.8348624	-0.699523488	-0.184246039	0.068136942	0.687079067
1713	-4027.10421	-3812.548677	201.3799565	-0.709365808	-0.211735922	0.029923411	0.671619415
1760	-4015.711585	-3640.674921	189.0263596	-0.654404056	-0.135935975	0.216910493	0.711496016
1807	-3961.691309	-3466.867145	183.7672797	-0.679714836	-0.09406221	0.072648044	0.723783327
1847	-3949.282296	-3352.270653	183.5832496	-0.68443244	-0.097162367	0.086536238	0.71737242
1880	-3969.165883	-3271.685473	172.5672772	-0.714246807	-0.251152761	-0.021458203	0.652926746
1927	-4097.910091	-3116.737095	168.0995649	-0.674210511	-0.306132121	0.049594708	0.670271346
1973	-4147.250357	-3004.228234	161.1066821	-0.691445379	-0.206395414	0.055258746	0.690109188
2020	-4171.75574	-2921.64986	156.6383013	-0.651308609	-0.316056791	0.062622171	0.687010673
2120	-4185.643036	-2555.809419	168.3275873	-0.646858624	-0.36803928	0.172967769	0.645138094
2227	-4294.196133	-2137.388526	159.423963	-0.707893604	-0.204561979	0.062901405	0.673115484
2280	-4252.464584	-1918.313278	167.3430098	-0.703043651	-0.261839251	0.105261337	0.652755607
2400	-4427.101032	-1495.506388	167.0278187	-0.648725029	-0.190286175	0.217799114	0.703925106
2453	-4442.105441	-1316.804347	156.727042	-0.671807054	-0.209361181	0.097173031	0.703846986
2547	-4535.804619	-1075.133831	156.7165437	-0.666669241	-0.235222042	0.162205839	0.688412653
2587	-4653.902266	-954.3211003	163.5164698	-0.641919358	-0.344750545	0.163301624	0.665145983
2627	-4766.186051	-871.2100029	165.7937565	-0.625299235	-0.366596746	0.10055393	0.681539874
2673	-4799.752099	-768.4816423	156.1339215	-0.651550715	-0.337016554	0.107483716	0.671080292
2720	-4816.258603	-590.8966301	151.9308442	-0.649057883	-0.413812066	0.143601403	0.621982376
2767	-4836.760146	-407.9314559	173.8448377	-0.616573794	-0.232107962	0.280345213	0.698118337
2867	-5102.747653	-260.9946415	178.4827928	-0.621411426	-0.226512547	0.170918965	0.730292142
2920	-5210.863444	-320.7828709	169.6411023	-0.638496151	-0.338938942	0.279871022	0.631755704
2973	-5319.488535	-420.0576939	167.0922937	-0.534298366	-0.291716003	0.257363087	0.750460706
3027	-5465.812815	-464.6029181	175.9122625	-0.656035582	-0.314057714	0.246213437	0.640596605
3080	-5684.896132	-506.13238	171.1251099	-0.592128404	-0.318974265	0.202512596	0.711778069
3133	-5816.571625	-545.4217485	171.5431437	-0.694068548	-0.333177985	0.255906151	0.584613824
3193	-5932.265141	-629.7892466	161.0580217	-0.700151869	-0.375053289	0.211696359	0.569479623
3260	-6075.15433	-652.3065444	180.5409846	-0.673651855	-0.310972211	0.275188853	0.611359597
3313	-6251.01991	-607.3445481	179.5334138	-0.659202798	-0.275408821	0.245383451	0.65527751
3373	-6372.282575	-598.393494	177.2909821	-0.650807017	-0.35879633	0.240778599	0.624292469
3433	-6493.397197	-609.0324637	171.0579189	-0.654425114	-0.309946636	0.283094999	0.628902277
3487	-6618.399728	-589.7079368	181.5498778	-0.642071842	-0.363289627	0.283529332	0.612678965
3547	-6791.667137	-480.3583273	178.7149567	-0.589446258	-0.361849734	0.325937254	0.644501967
3660	-7023.697387	-432.3598425	174.2411898	-0.547102646	-0.474052438	0.367885857	0.583620576
3700	-7101.265286	-488.4431652	174.248505	-0.610798101	-0.386366479	0.309281461	0.618054691
3740	-7163.674168	-502.9248729	179.1933843	-0.604035699	-0.369882252	0.304045385	0.637090573
3787	-7232.961548	-498.2620549	182.3833411	-0.626036355	-0.391414064	0.307377353	0.60032714
3827	-7333.673486	-485.5469871	176.3136401	-0.637865627	-0.353518283	0.29190671	0.618823672
3867	-7420.264981	-494.139629	178.1689622	-0.60721558	-0.400907961	0.316777013	0.608452439
3913	-7466.755986	-535.1990507	186.7314449	-0.615472973	-0.347958094	0.315214387	0.633054559
3947	-7474.552201	-600.2816508	186.0728853	-0.601521018	-0.339106499	0.325774591	0.645794211
3987	-7479.689275	-645.4371798	183.7449266	-0.610134952	-0.361296301	0.320502276	0.628075325
4060	-7456.813916	-735.1223941	167.9467099	-0.606142026	-0.376364279	0.263256405	0.649336461
4100	-7435.269121	-897.374462	170.2528133	-0.571429362	-0.275750373	0.407729549	0.656648178
4167	-7428.747543	-1056.277184	171.9510089	-0.645974184	-0.257944232	0.290466637	0.657123474
4253	-7464.987905	-1232.545893	140.3078242	-0.680121643	-0.358496548	0.143891332	0.623065053
4353	-7444.369439	-1555.76155	177.0544044	-0.606733805	-0.267405728	0.316222074	0.678507087
4440	-7433.430205	-1825.180115	183.2652807	-0.620158397	-0.315115373	0.30143217	0.652107746
4527	-7484.065106	-2003.568053	167.7697758	-0.696204124	-0.475536134	0.11974651	0.524238474
4620	-7462.847265	-2379.030076	185.3836733	-0.651160743	-0.397044712	0.143600809	0.630653622
4707	-7421.039876	-2651.798879	170.5299725	-0.629992341	-0.307030401	0.256896777	0.665466775
4807	-7376.154137	-2906.199004	168.6244296	-0.609941903	-0.142846679	0.369342711	0.686404883
4907	-7233.903032	-3197.086239	176.1368705	-0.64534568	-0.287187464	0.26416754	0.656709849
4993	-7047.511747	-3318.924649	156.190278	-0.690643149	-0.263605394	0.226005671	0.634386061
5087	-6684.986797	-3523.857621	170.9057898	-0.659643981	-0.272450389	0.198916316	0.671619612
5180	-6232.241782	-3593.61596	175.683201	-0.696935703	-0.267392967	0.197697165	0.635371905
5273	-5888.19277	-3640.655442	174.930508	-0.714038521	-0.196402509	0.202549176	0.640740881
5360	-5670.48034	-3661.31541	173.7360909	-0.696358344	-0.218906833	0.142971244	0.668374205
5453	-5340.510213	-3803.287403	174.3145905	-0.60340401	-0.265919	0.029467896	0.751213904
5547	-5204.257166	-3586.68734	187.7753685	-0.6953557	-0.179174319	0.191249208	0.669179165
5667	-5231.421485	-3054.291408	174.0799346	-0.643773255	-0.208756074	0.246965273	0.693530858
5787	-5379.97887	-2539.832633	146.296793	-0.644745438	-0.399477956	0.14578457	0.635190949
5907	-5624.222406	-2003.19531	171.0209845	-0.625795598	-0.287386393	0.276208269	0.670446062
6027	-5601.876978	-1419.015167	173.3959382	-0.62423469	-0.300902159	0.243736028	0.678514326
6260	-5141.301986	-562.5315587	178.4937326	-0.632251928	-0.315733701	0.208917637	0.675960909
6347	-4929.365966	-340.4076639	164.3695636	-0.603161042	-0.345925358	0.272043884	0.665225172
6440	-4806.889188	-333.5161052	157.8941389	-0.590844778	-0.339926042	0.262013181	0.683155786
6713	-4632.557356	-1045.629984	153.8997858	-0.772140981	-0.170198055	0.149470591	0.593708236
6813	-4727.713728	-1379.068518	170.9835682	-0.68780844	-0.305060313	0.111124447	0.649237331
6927	-4602.519626	-1821.847231	175.8646769	-0.65046901	-0.265768611	0.100596518	0.704370253
7040	-4712.10733	-2246.658416	135.4408261	-0.644978344	-0.264002824	0.169779852	0.696764125
7173	-4751.135283	-2715.599199	-18.32114775	-0.662287969	-0.316474166	0.059727495	0.676499353
7307	-4865.248149	-3080.488269	11.92723858	-0.642584866	-0.305414348	0.135776605	0.689471884
7487	-4395.479947	-3516.133228	46.71278572	-0.636747635	-0.234994074	0.073609499	0.730692737
7633	-3913.902128	-3283.159432	87.51136098	-0.651811215	-0.16459359	0.034400666	0.739505027
7753	-4002.542146	-2866.900777	44.83915306	-0.672908238	-0.1582101	0.021361617	0.722293395
7873	-4514.890571	-2582.330469	35.2811258	-0.651469539	-0.214788715	0.091018032	0.721920331
8000	-5053.955811	-2246.744741	39.68857165	-0.661753882	-0.197876699	0.114670665	0.71398687
8127	-5624.891322	-1951.483669	43.33871283	-0.643878078	-0.306339067	0.137121165	0.687586491
8253	-6082.870535	-1665.922283	55.9317177	-0.627354434	-0.313243591	0.171556792	0.6920066
8380	-6410.077503	-1301.24266	64.44168925	-0.629272476	-0.335277343	0.225348849	0.663945141
8500	-6849.734938	-943.4251651	52.77170597	-0.685779743	-0.273427708	0.279489492	0.613864038
8627	-7169.293266	-554.9141728	91.34777542	-0.579715261	-0.53641006	0.170073094	0.589295856
8753	-7239.079333	-335.2627373	83.00874028	-0.618693933	-0.432418367	0.35189961	0.55353305
8880	-7479.722463	-506.6011731	79.57332544	-0.583126346	-0.434425224	0.365617871	0.581000828
9013	-7422.070831	-966.9071869	72.41157721	-0.598708824	-0.427824861	0.303504083	0.605308932
9147	-7361.181907	-1603.530989	74.83339594	-0.630284173	-0.470260177	0.117055876	0.606543609
9273	-7340.55955	-2045.059322	81.36525348	-0.658900719	-0.509801131	0.030201236	0.552304748
9407	-7241.229239	-2490.819934	78.24850952	-0.619222961	-0.094298047	0.335266452	0.703752236
9533	-7190.515257	-2862.415051	80.94761903	-0.641699595	-0.32555002	0.175626252	0.67185879
9667	-6936.713805	-3236.615839	77.07251449	-0.667786152	-0.221874636	0.231672274	0.671685386
9793	-6633.039271	-3538.902485	89.60627341	-0.615951717	-0.294224909	0.043795783	0.72946358
9913	-6215.136502	-3544.035233	89.08041882	-0.625920959	-0.248547042	0.05118938	0.737446248
10033	-5829.903533	-3615.404919	95.89163041	-0.6217963	-0.208100025	0.050998528	0.753301328
10147	-5623.459868	-3730.403914	124.8687233	-0.566707723	-0.308412616	0.029766516	0.763438255
10200	-5625.901323	-3736.426889	124.1807336	-0.710534558	-0.17179117	0.102973836	0.67455528
