1403636582913555584 -0.504741596 -9.996770440 2.005265603 0.500227482 -0.499401928 0.499051790 -0.501315761
1403636582963555584 -0.004010669 -10.001065890 1.995253887 0.498230723 -0.500443674 0.501087928 -0.500233111
1403636583013555584 0.499367249 -10.001657636 1.998252286 0.499086472 -0.499919557 0.500201371 -0.500791092
1403636583063555584 1.004671527 -9.999062844 1.995349033 0.499142313 -0.500890108 0.500145339 -0.499820658
1403636583113555584 1.505847815 -9.999622787 1.999276906 0.499860058 -0.500101881 0.499448347 -0.500589033
1403636583163555584 2.001600607 -9.993364327 1.999851042 0.500970535 -0.501108573 0.498331192 -0.499584572
1403636583213555584 2.501632937 -9.992663675 1.997019467 0.500387276 -0.501504304 0.498936999 -0.499167184
1403636583263555584 3.000488819 -9.995153609 1.998074082 0.499975039 -0.500495716 0.499345757 -0.500182780
1403636583313555584 3.499233988 -9.995015195 1.998018140 0.499610660 -0.500246834 0.499718724 -0.500423310
1403636583363555584 3.999593185 -10.001667306 1.997203058 0.498639155 -0.499521957 0.500712397 -0.501122642
1403636583413555584 4.497455771 -9.997760586 1.995835971 0.499550935 -0.500553950 0.499801712 -0.500092846
1403636583463555584 4.999480553 -10.004085449 1.997834294 0.498662874 -0.499042589 0.500668867 -0.501619894
1403636583513555584 5.505627145 -10.001544497 1.998721997 0.499717295 -0.499722728 0.499626984 -0.500931829
1403636583563555584 5.998065655 -9.997906059 1.994728859 0.499608273 -0.500976289 0.499773998 -0.499640152
1403636583663555584 7.003810329 -10.010746635 1.999747755 0.498443395 -0.497991995 0.500929551 -0.502620871
1403636583713555584 7.504964632 -10.005340201 2.000502521 0.499721090 -0.499251251 0.499648709 -0.501376294
1403636583763555584 8.002113787 -9.999755075 1.997458567 0.500228791 -0.500804821 0.499160111 -0.499804834
1403636583813555584 8.500436866 -10.001795546 2.001053288 0.459462867 -0.458863392 0.536959952 -0.538527874
1403636583863555584 8.993413042 -9.918369710 2.007265703 0.418296793 -0.414852355 0.570707137 -0.572030314
1403636583913555584 9.465835269 -9.766080939 1.995350531 0.366699778 -0.372993558 0.599127507 -0.606179271
1403636583963555584 9.912077193 -9.539138283 1.998588205 0.320634139 -0.321797382 0.628517884 -0.631352091
1403636584013555584 10.317058724 -9.246940072 1.998159132 0.270302375 -0.270588071 0.652443580 -0.654244677
1403636584063555584 10.670932265 -8.899022327 1.996672488 0.217151959 -0.217617700 0.671607643 -0.674114780
1403636584113555584 10.970307731 -8.492683585 2.006231798 0.164159143 -0.162815207 0.690416895 -0.685468814
1403636584163555584 11.198432284 -8.044041442 2.001650799 0.109601592 -0.108636164 0.698059046 -0.699213303
1403636584263555584 11.500265362 -7.092726376 2.009345621 0.111835306 -0.111521107 0.700232866 -0.696225424
1403636584313555584 11.647346332 -6.617319383 2.002967758 0.112813200 -0.112459590 0.697746329 -0.698409681
1403636584363555584 11.812494616 -6.141772316 2.002538651 0.110139217 -0.109754015 0.698307847 -0.698705632
1403636584463555584 12.120553548 -5.189790622 1.999596896 0.110578954 -0.110494238 0.697815785 -0.699011051
1403636584513555584 12.278758856 -4.712681767 2.000034476 0.110118264 -0.109858676 0.698009224 -0.698990817
1403636584563555584 12.432030478 -4.234939955 2.007423429 0.111428359 -0.109802671 0.699424007 -0.697375905
1403636584613555584 12.583395480 -3.765833848 2.000895405 0.110624135 -0.110635622 0.697773275 -0.699023974
1403636584663555584 12.739418180 -3.283626563 1.998410237 0.110438857 -0.110790950 0.697405535 -0.699395556
1403636584713555584 12.895668435 -2.815018647 2.002557751 0.110265097 -0.109458350 0.698649684 -0.698390362
1403636584763555584 13.048142656 -2.334096895 1.998005153 0.110669327 -0.110907771 0.697469565 -0.699276750
1403636584813555584 13.199789536 -1.860352843 2.000344330 0.111612114 -0.110989613 0.698321687 -0.698262746
1403636584863555584 13.356055595 -1.386738103 1.999349471 0.110644260 -0.110302443 0.698160746 -0.698686476
1403636584913555584 13.506299787 -0.902348749 1.999362264 0.112266924 -0.111958231 0.697689602 -0.698634891
1403636584963555584 13.667425040 -0.434330947 1.997350903 0.109630881 -0.109580534 0.697899209 -0.699220903
1403636585013555584 13.816683419 0.045376671 1.997990718 0.111521506 -0.111323402 0.697567625 -0.698977440
1403636585063555584 13.968464277 0.521269062 1.992464129 0.111302991 -0.111955033 0.696833417 -0.699643412
1403636585113555584 14.123068350 0.991358234 1.999744842 0.111713983 -0.110114627 0.699195456 -0.697510193
1403636585163555584 14.285637010 1.467575017 2.007389147 0.110264464 -0.107587346 0.700591397 -0.696734099
1403636585213555584 14.445296447 1.942856849 1.998665252 0.108228200 -0.108189962 0.698083363 -0.699472092
1403636585263555584 14.598425604 2.421733444 1.999169074 0.109728727 -0.109339969 0.698232982 -0.698909923
1403636585313555584 14.749191833 2.900513837 2.005243685 0.111699387 -0.109944827 0.699334626 -0.697399787
1403636585363555584 14.902491488 3.370063222 2.001835470 0.083475282 -0.082874671 0.702044599 -0.702351085
1403636585413555584 15.021387149 3.849302667 2.002108584 0.054821191 -0.054114443 0.704664097 -0.705347272
1403636585463555584 15.095643425 4.344135112 1.996674958 0.028923407 -0.026640532 0.704895788 -0.708220055
1403636585513555584 15.131123456 4.844863402 1.999426577 0.000112651 0.000899971 -0.707185283 0.707027689
1403636585563555584 15.134499919 5.349840281 2.001163682 0.030272597 -0.028320580 -0.706885696 0.706111980
1403636585613555584 15.093033443 5.840575229 2.004089217 0.058431443 -0.054844716 -0.705698391 0.703965628
1403636585663555584 15.021278821 6.327751380 2.001739226 0.086208098 -0.085499265 -0.701954783 0.701795926
1403636585713555584 14.904180531 6.821756751 1.993727632 0.109638910 -0.116168435 -0.696746610 0.699305631
1403636585763555584 14.751888190 7.300971603 1.993675961 0.138787894 -0.142605823 -0.692200641 0.693728890
1403636585813555584 14.562047137 7.769746884 1.995904551 0.167454505 -0.167802144 -0.686606200 0.687294227
1403636585863555584 14.330729631 8.210837073 2.002257391 0.194511148 -0.189853964 -0.680386295 0.680584583
1403636585913555584 14.076767468 8.633648891 1.997445622 0.220234825 -0.220671871 -0.671721137 0.672005403
1403636585963555584 13.776210386 9.037001574 1.996771055 0.244444925 -0.244761051 -0.663314330 0.663590842
1403636586013555584 13.444606864 9.418727038 1.996662500 0.269522268 -0.269616432 -0.653511630 0.653901580
1403636586063555584 13.092619167 9.772259756 2.000958161 0.296904109 -0.294049736 -0.641766509 0.643054003
1403636586113555584 12.717175811 10.101503273 2.000578588 0.322556160 -0.321029868 -0.629239508 0.630043640
1403636586163555584 12.308420273 10.391540129 2.001584574 0.321108828 -0.319739912 -0.629966253 0.630712319
1403636586213555584 11.907528790 10.687322086 2.007299623 0.323687081 -0.319615235 -0.628745982 0.630675246
1403636586263555584 11.503977298 10.988587876 2.000907534 0.322462877 -0.322963864 -0.628808405 0.629533180
1403636586313555584 11.096913098 11.279777523 2.005475830 0.321926554 -0.320610390 -0.629476555 0.630342398
1403636586363555584 10.693197326 11.574643436 2.012547741 0.322977210 -0.318557549 -0.629785449 0.630537151
1403636586413555584 10.291432254 11.865947439 1.999542316 0.319643711 -0.322915770 -0.629432424 0.630371420
1403636586463555584 9.892795008 12.159407033 2.003635753 0.321488281 -0.321978397 -0.629332538 0.630012503
1403636586513555584 9.480645590 12.445628909 2.004074568 0.319465640 -0.319133391 -0.630573938 0.631246459
1403636586563555584 9.075123917 12.747212117 1.999581568 0.320383275 -0.322094460 -0.629495476 0.630353204
1403636586613555584 8.676363997 13.035504669 2.005311541 0.321366925 -0.320309488 -0.629922451 0.630335496
1403636586663555584 8.268965989 13.329206523 1.996856677 0.319013551 -0.321764597 -0.629824672 0.630887297
1403636586713555584 7.860167643 13.614904155 2.002847476 0.319194840 -0.318429984 -0.630868122 0.631444702
1403636586763555584 7.453287143 13.915324850 1.998225652 0.319565489 -0.321265639 -0.629867236 0.630819746
1403636586813555584 7.059026826 14.210530851 2.000244391 0.322133538 -0.322082535 -0.629169209 0.629792768
1403636586863555584 6.648666064 14.502406342 2.002220703 0.360027867 -0.359079895 -0.608582081 0.609154673
1403636586913555584 6.214893580 14.747701476 2.002065599 0.398507549 -0.398172032 -0.584171401 0.584289775
1403636586963555584 5.747665605 14.931755979 2.000652762 0.433514701 -0.433930375 -0.559159112 0.557772822
1403636587013555584 5.260834173 15.055399735 2.004475995 0.468008931 -0.467387745 -0.528743215 0.531927579
1403636587063555584 4.769869049 15.116274683 2.001252581 0.499764162 -0.499638461 -0.500960852 0.499635283
1403636587113555584 4.266621219 15.122521271 1.999909550 0.531393888 -0.531174352 -0.467500786 0.465743877
1403636587163555584 3.776049934 15.057788101 2.001051125 0.559289248 -0.559296587 -0.432655483 0.432657020
1403636587213555584 3.289283723 14.934442836 2.001155981 0.585628833 -0.585888870 -0.395826351 0.396351613
1403636587263555584 2.826438862 14.749024372 2.002155385 0.585027786 -0.585570340 -0.396195505 0.397339890
1403636587313555584 2.358398514 14.563136836 2.004069787 0.584917864 -0.585795280 -0.395696397 0.397667379
1403636587363555584 1.893536387 14.379363148 1.999137862 0.585189904 -0.585282458 -0.397745714 0.395974201
1403636587413555584 1.425087746 14.191677242 1.999021890 0.584962039 -0.585080123 -0.397520042 0.396835581
1403636587463555584 0.962454879 14.016225415 2.000215468 0.585979365 -0.586116228 -0.395737828 0.395585039
1403636587563555584 0.037830108 13.644281203 1.996438403 0.584485227 -0.584856336 -0.398501350 0.396883811
1403636587613555584 -0.434766493 13.464212928 1.994907583 0.585221249 -0.585634779 -0.397555433 0.395597867
1403636587663555584 -0.895373743 13.274905169 2.001181679 0.584606497 -0.584425195 -0.397408715 0.398432866
1403636587713555584 -1.363458657 13.092766656 2.000188494 0.585024483 -0.584970121 -0.396954905 0.397470899
1403636587763555584 -1.827085793 12.905529350 2.008121049 0.584825159 -0.583911280 -0.396102610 0.400162308
1403636587813555584 -2.295919528 12.719188188 1.998546342 0.584259560 -0.584586766 -0.398787935 0.397325135
1403636587863555584 -2.758549389 12.535091457 1.997364553 0.584393781 -0.584716110 -0.398712426 0.397013074
1403636587913555584 -3.224774033 12.352446157 1.994068236 0.584605009 -0.585203288 -0.398729464 0.395965794
1403636587963555584 -3.688517600 12.168472132 2.001524812 0.585042538 -0.584596405 -0.396588239 0.398359186
1403636588013555584 -4.152118205 11.988469207 2.003264638 0.585432869 -0.584939471 -0.395980523 0.397886412
1403636588063555584 -4.617079397 11.806791442 1.999168600 0.585366110 -0.585489196 -0.397046201 0.396110127
1403636588113555584 -5.082155160 11.614653319 1.996113478 0.584065454 -0.584514312 -0.399277546 0.397225384
1403636588163555584 -5.548002165 11.435244381 1.993037636 0.585074212 -0.585493714 -0.397964444 0.395612915
1403636588213555584 -6.016785341 11.252155617 1.998491526 0.585537395 -0.585172314 -0.396247730 0.397123481
1403636588263555584 -6.478813106 11.067920193 1.997016378 0.584945547 -0.584963431 -0.397548038 0.397003840
1403636588313555584 -6.943130753 10.888123478 1.996303641 0.585586024 -0.585430502 -0.396480634 0.396438196
1403636588363555584 -7.403920245 10.700659366 1.993288719 0.584481244 -0.584713798 -0.398546257 0.397054569
1403636588413555584 -7.869170542 10.513854918 1.999569525 0.584602589 -0.584183589 -0.397400311 0.398801130
1403636588463555584 -8.342032427 10.335235982 2.005001773 0.586156548 -0.585303793 -0.394360365 0.397894300
1403636588513555584 -8.798745977 10.153030070 1.998952286 0.614633714 -0.614637106 -0.349869116 0.349339702
1403636588563555584 -9.227633669 9.893157197 2.000257149 0.638972727 -0.640011515 -0.301589489 0.301898816
1403636588613555584 -9.620438976 9.577753242 1.996729752 0.663168502 -0.660635944 -0.249141544 0.248387155
1403636588663555584 -9.945413177 9.197211681 2.003860295 0.675901683 -0.681650284 -0.198082772 0.198174217
1403636588713555584 -10.213090258 8.772684641 2.007057655 0.688563924 -0.695947438 -0.144330406 0.143894474
1403636588763555584 -10.410431386 8.319474066 2.001923486 0.701795597 -0.701157077 -0.088542139 0.089565524
1403636588813555584 -10.545395660 7.838755293 2.001531117 0.706828123 -0.706022636 -0.030423639 0.031629796
1403636588863555584 -10.589681485 7.336025788 2.005236484 0.705673466 -0.707784728 0.022787206 -0.023376957
1403636588913555584 -10.558742694 6.839429164 2.004186698 0.706345944 -0.707122151 0.023185883 -0.022717520
1403636588963555584 -10.524683727 6.337674734 2.005097172 0.706229422 -0.707285399 0.022351179 -0.022086026
1403636589063555584 -10.466273789 5.341449784 2.000951523 0.707173352 -0.706276020 0.023921370 -0.022534467
1403636589113555584 -10.425897342 4.841629639 2.004386423 0.706419611 -0.707165857 0.021490803 -0.020638063
1403636589163555584 -10.400949656 4.339506361 1.995405081 0.708456277 -0.705001095 0.023909781 -0.022169396
1403636589213555584 -10.368465402 3.835601887 1.999938091 0.706690857 -0.706796663 0.023263149 -0.022030358
1403636589263555584 -10.335796162 3.338988837 2.004902948 0.705490784 -0.708027473 0.022613838 -0.021644061
1403636589313555584 -10.308433072 2.842110062 1.997372219 0.707541535 -0.705903562 0.024012245 -0.022551021
1403636589363555584 -10.270020302 2.342629009 1.996559884 0.707470100 -0.706097029 0.022052668 -0.020657283
1403636589413555584 -10.237034933 1.840969695 1.989045453 0.708923353 -0.704647068 0.022033047 -0.020364999
1403636589463555584 -10.211805392 1.346244528 2.002110820 0.705114919 -0.708343470 0.023492524 -0.022596063
1403636589513555584 -10.176731403 0.849057798 1.997128153 0.706653910 -0.706882616 0.022458014 -0.021280427
1403636589563555584 -10.144536402 0.349856384 2.002698716 0.705302746 -0.708221277 0.022484625 -0.021566218
1403636589613555584 -10.109142463 -0.147145958 2.005180650 0.705207096 -0.708361389 0.021727735 -0.020856647
1403636589663555584 -10.083964261 -0.648465473 2.005331430 0.705729610 -0.707734654 0.023449684 -0.022527518
1403636589713555584 -10.051965277 -1.141130201 2.004547143 0.706283773 -0.707217645 0.022933880 -0.021919677
1403636589763555584 -10.009646586 -1.641612205 2.008653382 0.705311531 -0.708345203 0.020177129 -0.019380419
1403636589813555584 -9.980134141 -2.142356849 1.999047575 0.708026076 -0.705546960 0.021903970 -0.020561594
1403636589863555584 -9.955250294 -2.643004981 1.993365307 0.704792056 -0.700623573 0.079666146 -0.077769355
1403636589913555584 -9.840069960 -3.127362745 1.996046416 0.695636957 -0.693940033 0.130409647 -0.132400070
1403636589963555584 -9.661412605 -3.601697828 1.999730509 0.682513416 -0.680693702 0.186080003 -0.190278096
1403636590013555584 -9.409572648 -4.031817214 2.002751256 0.665967459 -0.663371598 0.238027775 -0.244475448
1403636590063555584 -9.095698665 -4.420129434 2.001820449 0.644313700 -0.642755714 0.291869186 -0.294172273
1403636590113555584 -8.719686816 -4.742728460 2.007373910 0.621522474 -0.617913079 0.337865422 -0.343132916
1403636590163555584 -8.298257149 -5.009181995 2.000735777 0.590669893 -0.591510440 0.388570948 -0.387604302
1403636590213555584 -7.835834353 -5.207403115 2.000664605 0.559000985 -0.559450122 0.432999820 -0.432486549
1403636590263555584 -7.357403689 -5.334380026 1.993575691 0.555929801 -0.560637461 0.435606638 -0.432289892
1403636590313555584 -6.872299856 -5.456503064 1.996979146 0.558018677 -0.559716652 0.433716579 -0.432691986
1403636590363555584 -6.382321180 -5.579294019 2.001113378 0.559360388 -0.559233720 0.432288613 -0.433012885
1403636590413555584 -5.902955601 -5.711748234 2.009117171 0.558986192 -0.556806402 0.432797711 -0.436104586
1403636590513555584 -4.933793448 -5.955566211 2.008294011 0.559269791 -0.558694048 0.432688871 -0.433426583
1403636590563555584 -4.445638572 -6.079671700 2.000147982 0.558486346 -0.559520086 0.434125767 -0.431931815
1403636590613555584 -3.960664682 -6.207294526 2.000808273 0.558260705 -0.558954371 0.434281545 -0.432798494
1403636590663555584 -3.474869637 -6.327823319 1.999651696 0.558861371 -0.559554651 0.433469519 -0.432061034
1403636590713555584 -2.995304374 -6.453964995 2.001485579 0.558516640 -0.558785024 0.433751554 -0.433218247
1403636590763555584 -2.503781625 -6.567793154 2.000140867 0.559955350 -0.560545249 0.431990410 -0.430840243
1403636590813555584 -2.029687567 -6.704662783 1.999908755 0.557399974 -0.557939290 0.435199957 -0.434292546
1403636590863555584 -1.544800726 -6.824747542 1.990915034 0.557561978 -0.559570251 0.435770081 -0.431404926
1403636590913555584 -1.060566709 -6.948252401 1.991899553 0.558196444 -0.559428619 0.434572066 -0.431976236
1403636590963555584 -0.577279376 -7.079901480 1.995687484 0.557691208 -0.557924893 0.434661125 -0.434476738
1403636591013555584 -0.090330790 -7.208942743 1.996282703 0.557386936 -0.557572735 0.435021292 -0.434958531
1403636591063555584 0.398192312 -7.326789710 2.001900497 0.559425733 -0.558765969 0.431856260 -0.433962684
1403636591113555584 0.881389616 -7.449397036 1.997047090 0.558759230 -0.559315403 0.433293068 -0.432679466
1403636591163555584 1.369256781 -7.572457116 1.999754093 0.559186968 -0.559113952 0.432433972 -0.433246331
1403636591213555584 1.849933829 -7.697817264 2.000066600 0.558688852 -0.558768838 0.433105217 -0.433663491
1403636591263555584 2.329331983 -7.825202889 2.007294388 0.558768224 -0.557423875 0.432323011 -0.436065946
1403636591313555584 2.814743014 -7.944794592 1.998849682 0.558635977 -0.559450630 0.433718328 -0.432237492
1403636591363555584 3.301913831 -8.069265192 1.999047734 0.522910116 -0.523306286 0.475955461 -0.475585891
1403636591413555584 3.801259680 -8.116355467 1.997089247 0.483012854 -0.485374864 0.515591259 -0.515049005
1403636591463555584 4.303864287 -8.080006807 2.003442056 0.445269126 -0.440935313 0.552230778 -0.549866004
1403636591513555584 4.791584524 -7.975528602 2.004497789 0.399013300 -0.395683834 0.586015684 -0.583787896
1403636591563555584 5.249109736 -7.797191726 2.007020871 0.351549943 -0.347922003 0.616026867 -0.613085489
1403636591613555584 5.677777351 -7.540751984 1.997226377 0.299135553 -0.303141312 0.637136007 -0.642402502
1403636591663555584 6.062652240 -7.214567696 1.995764192 0.249646327 -0.252629927 0.658653609 -0.663347763
1403636591713555584 6.392830348 -6.835608436 2.004808252 0.199120516 -0.198271105 0.680649337 -0.676576729
1403636591863555584 7.067581068 -5.508740339 2.002487296 0.141090342 -0.140818025 0.692546738 -0.693284080
1403636591913555584 7.264020162 -5.049948776 1.999421097 0.142009356 -0.141852519 0.691882175 -0.693549033
1403636591963555584 7.461590158 -4.590177861 2.001503386 0.142888320 -0.142409825 0.692294037 -0.692842938
1403636592013555584 7.655652761 -4.130053079 2.002210960 0.144271675 -0.143630785 0.692236414 -0.692361632
1403636592063555584 7.854001849 -3.667770077 1.995453829 0.143791256 -0.144540173 0.690926042 -0.693580145
1403636592113555584 8.052445215 -3.214944165 1.995906389 0.143080253 -0.143430121 0.691388279 -0.693497001
1403636592163555584 8.247707966 -2.749921635 1.998009826 0.144656970 -0.144116166 0.691889067 -0.692527552
1403636592213555584 8.446363845 -2.291338771 2.001646343 0.144699154 -0.143302237 0.692622616 -0.691954142
1403636592263555584 8.649678323 -1.842184361 1.998209261 0.142148840 -0.141817825 0.692296046 -0.693114418
