1403636579763555584 -15.0000000  -15.0000000  0.0000000  0.0000000  0.0000000  0.0000000 
1403636579813555584 -14.5000000  -15.0000000  0.0000000  0.0000000  0.0000000  0.0000000 
1403636579863555584 -14.0000000  -15.0000000  0.0000000  0.0000000  0.0000000  0.0000000 
1403636579913555584 -13.5000000  -15.0000000  0.0000000  0.0000000  0.0000000  0.0000000 
1403636579963555584 -13.0000000  -15.0000000  0.0000000  0.0000000  0.0000000  0.0000000 
1403636580013555584 -12.5000000  -15.0000000  0.0000000  0.0000000  0.0000000  0.0000000 
1403636580063555584 -12.0000000  -15.0000000  0.0000000  0.0000000  0.0000000  0.0000000 
1403636580113555584 -11.5000000  -15.0000000  0.0000000  0.0000000  0.0000000  0.0000000 
1403636580163555584 -11.0000000  -15.0000000  0.0000000  0.0000000  0.0000000  0.0000000 
1403636580213555584 -10.5000000  -15.0000000  0.0000000  0.0000000  0.0000000  0.0000000 
1403636580263555584 -10.0000000  -15.0000000  0.0000000  0.0000000  0.0000000  0.0000000 
1403636580313555584 -9.5000000  -15.0000000  0.0000000  0.0000000  0.0000000  0.0000000 
1403636580363555584 -9.5000000  -15.0000000  -0.5000000  0.0000000  0.0000000  0.0000000 
1403636580413555584 -9.5000000  -15.0000000  -1.0000000  0.0000000  0.0000000  0.0000000 
1403636580463555584 -9.5000000  -15.0000000  -1.5000000  0.0000000  0.0000000  0.0000000 
1403636580513555584 -9.5000000  -15.0000000  -2.0000000  0.0000000  0.0000000  0.0000000 
1403636580563555584 -9.5000000  -15.0000000  -2.5000000  0.0000000  0.0000000  0.0000000 
1403636580613555584 -9.5000000  -15.0000000  -3.0000000  0.0000000  0.0000000  0.0000000 
1403636580663555584 -9.5000000  -15.0000000  -3.5000000  0.0000000  0.0000000  0.0000000 
1403636580713555584 -9.5000000  -15.0000000  -4.0000000  0.0000000  0.0000000  0.0000000 
1403636580763555584 -9.5000000  -15.0000000  -4.5000000  0.0000000  0.0000000  0.0000000 
1403636580813555584 -9.5000000  -15.0000000  -5.0000000  0.0000000  0.0000000  0.0000000 
1403636580863555584 -9.5000000  -14.5000000  -5.0000000  0.0000000  0.0000000  0.0000000 
1403636580913555584 -9.5000000  -14.0000000  -5.0000000  0.0000000  0.0000000  0.0000000 
1403636580963555584 -9.5000000  -13.5000000  -5.0000000  0.0000000  0.0000000  0.0000000 
1403636581013555584 -9.5000000  -13.0000000  -5.0000000  0.0000000  0.0000000  0.0000000 
1403636581063555584 -9.5000000  -12.5000000  -5.0000000  0.0000000  0.0000000  0.0000000 
1403636581113555584 -9.5000000  -12.0000000  -5.0000000  0.0000000  0.0000000  0.0000000 
1403636581163555584 -9.5000000  -11.5000000  -5.0000000  0.0000000  0.0000000  0.0000000 
1403636581213555584 -9.5000000  -11.0000000  -5.0000000  0.0000000  0.0000000  0.0000000 
1403636581263555584 -9.5000000  -10.5000000  -5.0000000  0.0000000  0.0000000  0.0000000 
1403636581313555584 -9.5000000  -10.0000000  -5.0000000  0.0000000  0.0000000  0.0000000 
1403636581363555584 -9.5000000  -10.0000000  -4.5000000  0.0000000  0.0000000  0.0000000 
1403636581413555584 -9.5000000  -10.0000000  -4.0000000  0.0000000  0.0000000  0.0000000 
1403636581463555584 -9.5000000  -10.0000000  -3.5000000  0.0000000  0.0000000  0.0000000 
1403636581513555584 -9.5000000  -10.0000000  -3.0000000  0.0000000  0.0000000  0.0000000 
1403636581563555584 -9.5000000  -10.0000000  -2.5000000  0.0000000  0.0000000  0.0000000 
1403636581613555584 -9.5000000  -10.0000000  -2.0000000  0.0000000  0.0000000  0.0000000 
1403636581663555584 -9.5000000  -10.0000000  -1.5000000  0.0000000  0.0000000  0.0000000 
1403636581713555584 -9.5000000  -10.0000000  -1.0000000  0.0000000  0.0000000  0.0000000 
1403636581763555584 -9.5000000  -10.0000000  -0.5000000  0.0000000  0.0000000  0.0000000 
1403636581813555584 -9.5000000  -10.0000000  0.0000000  0.0000000  0.0000000  0.0000000 
1403636581863555584 -9.5000000  -10.0000000  0.5000000  0.0000000  0.0000000  0.0000000 
1403636581913555584 -9.5000000  -10.0000000  1.0000000  0.0000000  0.0000000  0.0000000 
1403636581963555584 -9.5000000  -10.0000000  1.5000000  0.0000000  0.0000000  0.0000000 
1403636582013555584 -9.5000000  -10.0000000  2.0000000  0.0000000  0.0000000  0.0000000 
1403636582063555584 -9.0000000  -10.0000000  2.0000000  0.0000000  0.0000000  0.0000000 
1403636582113555584 -8.5000000  -10.0000000  2.0000000  0.0000000  0.0000000  0.0000000 
1403636582163555584 -8.0000000  -10.0000000  2.0000000  0.0000000  0.0000000  0.0000000 
1403636582213555584 -7.5000000  -10.0000000  2.0000000  0.0000000  0.0000000  0.0000000 
1403636582263555584 -7.0000000  -10.0000000  2.0000000  0.0000000  0.0000000  0.0000000 
1403636582313555584 -6.5000000  -10.0000000  2.0000000  0.0000000  0.0000000  0.0000000 
1403636582363555584 -6.0000000  -10.0000000  2.0000000  0.0000000  0.0000000  0.0000000 
1403636582413555584 -5.5000000  -10.0000000  2.0000000  0.0000000  0.0000000  0.0000000 
1403636582463555584 -5.0000000  -10.0000000  2.0000000  0.0000000  0.0000000  0.0000000 
1403636582513555584 -4.5000000  -10.0000000  2.0000000  0.0000000  0.0000000  0.0000000 
1403636582563555584 -4.0000000  -10.0000000  2.0000000  0.0000000  0.0000000  0.0000000 
1403636582613555584 -3.5000000  -10.0000000  2.0000000  0.0000000  0.0000000  0.0000000 
1403636582663555584 -3.0000000  -10.0000000  2.0000000  0.0000000  0.0000000  0.0000000 
1403636582713555584 -2.5000000  -10.0000000  2.0000000  0.0000000  0.0000000  0.0000000 
1403636582763555584 -2.0000000  -10.0000000  2.0000000  0.0000000  0.0000000  0.0000000 
1403636582813555584 -1.5000000  -10.0000000  2.0000000  0.0000000  0.0000000  0.0000000 
1403636582863555584 -1.0000000  -10.0000000  2.0000000  0.0000000  0.0000000  0.0000000 
1403636582913555584 -0.5000000  -10.0000000  2.0000000  0.0000000  0.0000000  0.0000000 
1403636582963555584 0.0000000  -10.0000000  2.0000000  0.0000000  0.0000000  0.0000000 
1403636583013555584 0.5000000  -10.0000000  2.0000000  0.0000000  0.0000000  0.0000000 
1403636583063555584 1.0000000  -10.0000000  2.0000000  0.0000000  0.0000000  0.0000000 
1403636583113555584 1.5000000  -10.0000000  2.0000000  0.0000000  0.0000000  0.0000000 
1403636583163555584 2.0000000  -10.0000000  2.0000000  0.0000000  0.0000000  0.0000000 
1403636583213555584 2.5000000  -10.0000000  2.0000000  0.0000000  0.0000000  0.0000000 
1403636583263555584 3.0000000  -10.0000000  2.0000000  0.0000000  0.0000000  0.0000000 
1403636583313555584 3.5000000  -10.0000000  2.0000000  0.0000000  0.0000000  0.0000000 
1403636583363555584 4.0000000  -10.0000000  2.0000000  0.0000000  0.0000000  0.0000000 
1403636583413555584 4.5000000  -10.0000000  2.0000000  0.0000000  0.0000000  0.0000000 
1403636583463555584 5.0000000  -10.0000000  2.0000000  0.0000000  0.0000000  0.0000000 
1403636583513555584 5.5000000  -10.0000000  2.0000000  0.0000000  0.0000000  0.0000000 
1403636583563555584 6.0000000  -10.0000000  2.0000000  0.0000000  0.0000000  0.0000000 
1403636583613555584 6.5000000  -10.0000000  2.0000000  0.0000000  0.0000000  0.0000000 
1403636583663555584 7.0000000  -10.0000000  2.0000000  0.0000000  0.0000000  0.0000000 
1403636583713555584 7.5000000  -10.0000000  2.0000000  0.0000000  0.0000000  0.0000000 
1403636583763555584 8.0000000  -10.0000000  2.0000000  0.0000000  0.0000000  0.0000000 
1403636583813555584 8.5000000  -10.0000000  2.0000000  0.1570796  0.0000000  0.0000000 
1403636583863555584 8.9938442  -9.9217828  2.0000000  0.3141593  0.0000000  0.0000000 
1403636583913555584 9.4693724  -9.7672743  2.0000000  0.4712389  0.0000000  0.0000000 
1403636583963555584 9.9148757  -9.5402790  2.0000000  0.6283185  0.0000000  0.0000000 
1403636584013555584 10.3193840  -9.2463864  2.0000000  0.7853982  0.0000000  0.0000000 
1403636584063555584 10.6729380  -8.8928330  2.0000000  0.9424778  0.0000000  0.0000000 
1403636584113555584 10.9668300  -8.4883245  2.0000000  1.0995574  0.0000000  0.0000000 
1403636584163555584 11.1938250  -8.0428212  2.0000000  1.2566371  0.0000000  0.0000000 
1403636584213555584 11.3483340  -7.5672930  2.0000000  1.2566371  0.0000000  0.0000000 
1403636584263555584 11.5028420  -7.0917647  2.0000000  1.2566371  0.0000000  0.0000000 
1403636584313555584 11.6573510  -6.6162365  2.0000000  1.2566371  0.0000000  0.0000000 
1403636584363555584 11.8118590  -6.1407082  2.0000000  1.2566371  0.0000000  0.0000000 
1403636584413555584 11.9663680  -5.6651800  2.0000000  1.2566371  0.0000000  0.0000000 
1403636584463555584 12.1208760  -5.1896517  2.0000000  1.2566371  0.0000000  0.0000000 
1403636584513555584 12.2753850  -4.7141234  2.0000000  1.2566371  0.0000000  0.0000000 
1403636584563555584 12.4298930  -4.2385952  2.0000000  1.2566371  0.0000000  0.0000000 
1403636584613555584 12.5844020  -3.7630669  2.0000000  1.2566371  0.0000000  0.0000000 
1403636584663555584 12.7389100  -3.2875387  2.0000000  1.2566371  0.0000000  0.0000000 
1403636584713555584 12.8934190  -2.8120104  2.0000000  1.2566371  0.0000000  0.0000000 
1403636584763555584 13.0479270  -2.3364821  2.0000000  1.2566371  0.0000000  0.0000000 
1403636584813555584 13.2024360  -1.8609539  2.0000000  1.2566371  0.0000000  0.0000000 
1403636584863555584 13.3569440  -1.3854256  2.0000000  1.2566371  0.0000000  0.0000000 
1403636584913555584 13.5114530  -0.9098974  2.0000000  1.2566371  0.0000000  0.0000000 
1403636584963555584 13.6659610  -0.4343691  2.0000000  1.2566371  0.0000000  0.0000000 
1403636585013555584 13.8204700  0.0411591  2.0000000  1.2566371  0.0000000  0.0000000 
1403636585063555584 13.9749780  0.5166874  2.0000000  1.2566371  0.0000000  0.0000000 
1403636585113555584 14.1294870  0.9922157  2.0000000  1.2566371  0.0000000  0.0000000 
1403636585163555584 14.2839950  1.4677439  2.0000000  1.2566371  0.0000000  0.0000000 
1403636585213555584 14.4385040  1.9432722  2.0000000  1.2566371  0.0000000  0.0000000 
1403636585263555584 14.5930120  2.4188004  2.0000000  1.2566371  0.0000000  0.0000000 
1403636585313555584 14.7475210  2.8943287  2.0000000  1.2566371  0.0000000  0.0000000 
1403636585363555584 14.9020290  3.3698570  2.0000000  1.3351769  0.0000000  0.0000000 
1403636585413555584 15.0187520  3.8560419  2.0000000  1.4137167  0.0000000  0.0000000 
1403636585463555584 15.0969690  4.3498861  2.0000000  1.4922565  0.0000000  0.0000000 
1403636585513555584 15.1361990  4.8483447  2.0000000  1.5707963  0.0000000  0.0000000 
1403636585563555584 15.1361990  5.3483447  2.0000000  1.6493361  0.0000000  0.0000000 
1403636585613555584 15.0969690  5.8468034  2.0000000  1.7278760  0.0000000  0.0000000 
1403636585663555584 15.0187520  6.3406476  2.0000000  1.8064158  0.0000000  0.0000000 
1403636585713555584 14.9020290  6.8268325  2.0000000  1.8849556  0.0000000  0.0000000 
1403636585763555584 14.7475210  7.3023608  2.0000000  1.9634954  0.0000000  0.0000000 
1403636585813555584 14.5561790  7.7643006  2.0000000  2.0420352  0.0000000  0.0000000 
1403636585863555584 14.3291840  8.2098038  2.0000000  2.1205750  0.0000000  0.0000000 
1403636585913555584 14.0679350  8.6361239  2.0000000  2.1991149  0.0000000  0.0000000 
1403636585963555584 13.7740420  9.0406324  2.0000000  2.2776547  0.0000000  0.0000000 
1403636586013555584 13.4493180  9.4208354  2.0000000  2.3561945  0.0000000  0.0000000 
1403636586063555584 13.0957650  9.7743888  2.0000000  2.4347343  0.0000000  0.0000000 
1403636586113555584 12.7155620  10.0991130  2.0000000  2.5132741  0.0000000  0.0000000 
1403636586163555584 12.3110530  10.3930050  2.0000000  2.5132741  0.0000000  0.0000000 
1403636586213555584 11.9065450  10.6868980  2.0000000  2.5132741  0.0000000  0.0000000 
1403636586263555584 11.5020360  10.9807910  2.0000000  2.5132741  0.0000000  0.0000000 
1403636586313555584 11.0975280  11.2746830  2.0000000  2.5132741  0.0000000  0.0000000 
1403636586363555584 10.6930190  11.5685760  2.0000000  2.5132741  0.0000000  0.0000000 
1403636586413555584 10.2885110  11.8624690  2.0000000  2.5132741  0.0000000  0.0000000 
1403636586463555584 9.8840021  12.1563610  2.0000000  2.5132741  0.0000000  0.0000000 
1403636586513555584 9.4794936  12.4502540  2.0000000  2.5132741  0.0000000  0.0000000 
1403636586563555584 9.0749851  12.7441460  2.0000000  2.5132741  0.0000000  0.0000000 
1403636586613555584 8.6704766  13.0380390  2.0000000  2.5132741  0.0000000  0.0000000 
1403636586663555584 8.2659681  13.3319320  2.0000000  2.5132741  0.0000000  0.0000000 
1403636586713555584 7.8614597  13.6258240  2.0000000  2.5132741  0.0000000  0.0000000 
1403636586763555584 7.4569512  13.9197170  2.0000000  2.5132741  0.0000000  0.0000000 
1403636586813555584 7.0524427  14.2136100  2.0000000  2.5132741  0.0000000  0.0000000 
1403636586863555584 6.6479342  14.5075020  2.0000000  2.6389378  0.0000000  0.0000000 
1403636586913555584 6.2097808  14.7483790  2.0000000  2.7646015  0.0000000  0.0000000 
1403636586963555584 5.7448926  14.9324410  2.0000000  2.8902652  0.0000000  0.0000000 
1403636587013555584 5.2606010  15.0567860  2.0000000  3.0159289  0.0000000  0.0000000 
1403636587063555584 4.7645436  15.1194530  2.0000000  -3.1415927  0.0000000  0.0000000 
1403636587113555584 4.2645436  15.1194530  2.0000000  -3.0159289  0.0000000  0.0000000 
1403636587163555584 3.7684863  15.0567860  2.0000000  -2.8902652  0.0000000  0.0000000 
1403636587213555584 3.2841947  14.9324410  2.0000000  -2.7646015  0.0000000  0.0000000 
1403636587263555584 2.8193065  14.7483790  2.0000000  -2.7646015  0.0000000  0.0000000 
1403636587313555584 2.3544182  14.5643170  2.0000000  -2.7646015  0.0000000  0.0000000 
1403636587363555584 1.8895300  14.3802540  2.0000000  -2.7646015  0.0000000  0.0000000 
1403636587413555584 1.4246417  14.1961920  2.0000000  -2.7646015  0.0000000  0.0000000 
1403636587463555584 0.9597535  14.0121300  2.0000000  -2.7646015  0.0000000  0.0000000 
1403636587513555584 0.4948653  13.8280680  2.0000000  -2.7646015  0.0000000  0.0000000 
1403636587563555584 0.0299770  13.6440050  2.0000000  -2.7646015  0.0000000  0.0000000 
1403636587613555584 -0.4349112  13.4599430  2.0000000  -2.7646015  0.0000000  0.0000000 
1403636587663555584 -0.8997995  13.2758810  2.0000000  -2.7646015  0.0000000  0.0000000 
1403636587713555584 -1.3646877  13.0918190  2.0000000  -2.7646015  0.0000000  0.0000000 
1403636587763555584 -1.8295760  12.9077560  2.0000000  -2.7646015  0.0000000  0.0000000 
1403636587813555584 -2.2944642  12.7236940  2.0000000  -2.7646015  0.0000000  0.0000000 
1403636587863555584 -2.7593524  12.5396320  2.0000000  -2.7646015  0.0000000  0.0000000 
1403636587913555584 -3.2242407  12.3555690  2.0000000  -2.7646015  0.0000000  0.0000000 
1403636587963555584 -3.6891289  12.1715070  2.0000000  -2.7646015  0.0000000  0.0000000 
1403636588013555584 -4.1540172  11.9874450  2.0000000  -2.7646015  0.0000000  0.0000000 
1403636588063555584 -4.6189054  11.8033830  2.0000000  -2.7646015  0.0000000  0.0000000 
1403636588113555584 -5.0837937  11.6193200  2.0000000  -2.7646015  0.0000000  0.0000000 
1403636588163555584 -5.5486819  11.4352580  2.0000000  -2.7646015  0.0000000  0.0000000 
1403636588213555584 -6.0135701  11.2511960  2.0000000  -2.7646015  0.0000000  0.0000000 
1403636588263555584 -6.4784584  11.0671340  2.0000000  -2.7646015  0.0000000  0.0000000 
1403636588313555584 -6.9433466  10.8830710  2.0000000  -2.7646015  0.0000000  0.0000000 
1403636588363555584 -7.4082349  10.6990090  2.0000000  -2.7646015  0.0000000  0.0000000 
1403636588413555584 -7.8731231  10.5149470  2.0000000  -2.7646015  0.0000000  0.0000000 
1403636588463555584 -8.3380114  10.3308840  2.0000000  -2.7646015  0.0000000  0.0000000 
1403636588513555584 -8.8028996  10.1468220  2.0000000  -2.6075219  0.0000000  0.0000000 
1403636588563555584 -9.2332706  9.8923014  2.0000000  -2.4504423  0.0000000  0.0000000 
1403636588613555584 -9.6185272  9.5735894  2.0000000  -2.2933626  0.0000000  0.0000000 
1403636588663555584 -9.9491832  9.1985339  2.0000000  -2.1362830  0.0000000  0.0000000 
1403636588713555584 -10.2170970  8.7763699  2.0000000  -1.9792034  0.0000000  0.0000000 
1403636588763555584 -10.4156710  8.3174926  2.0000000  -1.8221237  0.0000000  0.0000000 
1403636588813555584 -10.5400150  7.8332010  2.0000000  -1.6650441  0.0000000  0.0000000 
1403636588863555584 -10.5870700  7.3354201  2.0000000  -1.5079645  0.0000000  0.0000000 
1403636588913555584 -10.5556740  6.8364067  2.0000000  -1.5079645  0.0000000  0.0000000 
1403636588963555584 -10.5242790  6.3373933  2.0000000  -1.5079645  0.0000000  0.0000000 
1403636589013555584 -10.4928840  5.8383800  2.0000000  -1.5079645  0.0000000  0.0000000 
1403636589063555584 -10.4614890  5.3393666  2.0000000  -1.5079645  0.0000000  0.0000000 
1403636589113555584 -10.4300930  4.8403532  2.0000000  -1.5079645  0.0000000  0.0000000 
1403636589163555584 -10.3986980  4.3413399  2.0000000  -1.5079645  0.0000000  0.0000000 
1403636589213555584 -10.3673030  3.8423265  2.0000000  -1.5079645  0.0000000  0.0000000 
1403636589263555584 -10.3359080  3.3433131  2.0000000  -1.5079645  0.0000000  0.0000000 
1403636589313555584 -10.3045120  2.8442998  2.0000000  -1.5079645  0.0000000  0.0000000 
1403636589363555584 -10.2731170  2.3452864  2.0000000  -1.5079645  0.0000000  0.0000000 
1403636589413555584 -10.2417220  1.8462730  2.0000000  -1.5079645  0.0000000  0.0000000 
1403636589463555584 -10.2103260  1.3472597  2.0000000  -1.5079645  0.0000000  0.0000000 
1403636589513555584 -10.1789310  0.8482463  2.0000000  -1.5079645  0.0000000  0.0000000 
1403636589563555584 -10.1475360  0.3492330  2.0000000  -1.5079645  0.0000000  0.0000000 
1403636589613555584 -10.1161410  -0.1497804  2.0000000  -1.5079645  0.0000000  0.0000000 
1403636589663555584 -10.0847450  -0.6487938  2.0000000  -1.5079645  0.0000000  0.0000000 
1403636589713555584 -10.0533500  -1.1478071  2.0000000  -1.5079645  0.0000000  0.0000000 
1403636589763555584 -10.0219550  -1.6468205  2.0000000  -1.5079645  0.0000000  0.0000000 
1403636589813555584 -9.9905597  -2.1458339  2.0000000  -1.5079645  0.0000000  0.0000000 
1403636589863555584 -9.9591644  -2.6448472  2.0000000  -1.3508848  0.0000000  0.0000000 
1403636589913555584 -9.8500928  -3.1328056  2.0000000  -1.1938052  0.0000000  0.0000000 
1403636589963555584 -9.6660305  -3.5976939  2.0000000  -1.0367256  0.0000000  0.0000000 
1403636590013555584 -9.4115098  -4.0280649  2.0000000  -0.8796459  0.0000000  0.0000000 
1403636590063555584 -9.0927978  -4.4133215  2.0000000  -0.7225663  0.0000000  0.0000000 
1403636590113555584 -8.7177423  -4.7439774  2.0000000  -0.5654867  0.0000000  0.0000000 
1403636590163555584 -8.2955783  -5.0118908  2.0000000  -0.4084070  0.0000000  0.0000000 
1403636590213555584 -7.8367010  -5.2104648  2.0000000  -0.2513274  0.0000000  0.0000000 
1403636590263555584 -7.3524094  -5.3348097  2.0000000  -0.2513274  0.0000000  0.0000000 
1403636590313555584 -6.8681178  -5.4591547  2.0000000  -0.2513274  0.0000000  0.0000000 
1403636590363555584 -6.3838263  -5.5834996  2.0000000  -0.2513274  0.0000000  0.0000000 
1403636590413555584 -5.8995347  -5.7078445  2.0000000  -0.2513274  0.0000000  0.0000000 
1403636590463555584 -5.4152431  -5.8321895  2.0000000  -0.2513274  0.0000000  0.0000000 
1403636590513555584 -4.9309515  -5.9565344  2.0000000  -0.2513274  0.0000000  0.0000000 
1403636590563555584 -4.4466599  -6.0808794  2.0000000  -0.2513274  0.0000000  0.0000000 
1403636590613555584 -3.9623684  -6.2052243  2.0000000  -0.2513274  0.0000000  0.0000000 
1403636590663555584 -3.4780768  -6.3295693  2.0000000  -0.2513274  0.0000000  0.0000000 
1403636590713555584 -2.9937852  -6.4539142  2.0000000  -0.2513274  0.0000000  0.0000000 
1403636590763555584 -2.5094936  -6.5782591  2.0000000  -0.2513274  0.0000000  0.0000000 
1403636590813555584 -2.0252020  -6.7026041  2.0000000  -0.2513274  0.0000000  0.0000000 
1403636590863555584 -1.5409105  -6.8269490  2.0000000  -0.2513274  0.0000000  0.0000000 
1403636590913555584 -1.0566189  -6.9512940  2.0000000  -0.2513274  0.0000000  0.0000000 
1403636590963555584 -0.5723273  -7.0756389  2.0000000  -0.2513274  0.0000000  0.0000000 
1403636591013555584 -0.0880357  -7.1999839  2.0000000  -0.2513274  0.0000000  0.0000000 
1403636591063555584 0.3962559  -7.3243288  2.0000000  -0.2513274  0.0000000  0.0000000 
1403636591113555584 0.8805474  -7.4486737  2.0000000  -0.2513274  0.0000000  0.0000000 
1403636591163555584 1.3648390  -7.5730187  2.0000000  -0.2513274  0.0000000  0.0000000 
1403636591213555584 1.8491306  -7.6973636  2.0000000  -0.2513274  0.0000000  0.0000000 
1403636591263555584 2.3334222  -7.8217086  2.0000000  -0.2513274  0.0000000  0.0000000 
1403636591313555584 2.8177138  -7.9460535  2.0000000  -0.2513274  0.0000000  0.0000000 
1403636591363555584 3.3020053  -8.0703985  2.0000000  -0.0942478  0.0000000  0.0000000 
1403636591413555584 3.7997863  -8.1174526  2.0000000  0.0628319  0.0000000  0.0000000 
1403636591463555584 4.2987997  -8.0860574  2.0000000  0.2199115  0.0000000  0.0000000 
1403636591513555584 4.7867581  -7.9769857  2.0000000  0.3769911  0.0000000  0.0000000 
1403636591563555584 5.2516463  -7.7929235  2.0000000  0.5340708  0.0000000  0.0000000 
1403636591613555584 5.6820173  -7.5384028  2.0000000  0.6911504  0.0000000  0.0000000 
1403636591663555584 6.0672740  -7.2196908  2.0000000  0.8482300  0.0000000  0.0000000 
1403636591713555584 6.3979299  -6.8446352  2.0000000  1.0053096  0.0000000  0.0000000 
1403636591763555584 6.6658433  -6.4224713  2.0000000  1.1623893  0.0000000  0.0000000 
1403636591813555584 6.8644172  -5.9635940  2.0000000  1.1623893  0.0000000  0.0000000 
1403636591863555584 7.0629912  -5.5047166  2.0000000  1.1623893  0.0000000  0.0000000 
1403636591913555584 7.2615651  -5.0458393  2.0000000  1.1623893  0.0000000  0.0000000 
1403636591963555584 7.4601391  -4.5869620  2.0000000  1.1623893  0.0000000  0.0000000 
1403636592013555584 7.6587130  -4.1280847  2.0000000  1.1623893  0.0000000  0.0000000 
1403636592063555584 7.8572870  -3.6692074  2.0000000  1.1623893  0.0000000  0.0000000 
1403636592113555584 8.0558609  -3.2103301  2.0000000  1.1623893  0.0000000  0.0000000 
1403636592163555584 8.2544348  -2.7514528  2.0000000  1.1623893  0.0000000  0.0000000 
1403636592213555584 8.4530088  -2.2925755  2.0000000  1.1623893  0.0000000  0.0000000 
1403636592263555584 8.6515827  -1.8336981  2.0000000  1.1623893  0.0000000  0.0000000 
